        0.640532
        0.645518
        0.650398
        0.655173
        0.659842
        0.664405
        0.668862
        0.673215
        0.677461
        0.681602
        0.685637
        0.689567
        0.693391
        0.697109
        0.700722
        0.704229
        0.707630
        0.710926
        0.714117
        0.717201
        0.720180
        0.723054
        0.725822
        0.728484
        0.731041
        0.733492
        0.735837
        0.738077
        0.740211
        0.742240
        0.744163
        0.747050
        0.750951
        0.754811
        0.758631
        0.762411
        0.766150
        0.769850
        0.773509
        0.777128
        0.780707
        0.784245
        0.787744
        0.791202
        0.794620
        0.797997
        0.801335
        0.804632
        0.807889
        0.811106
        0.814283
        0.817419
        0.820516
        0.823572
        0.826587
        0.829563
        0.832498
        0.835394
        0.838249
        0.842681
        0.848465
        0.853909
        0.859011
        0.863773
        0.868193
        0.872273
        0.876012
        0.879410
        0.882467
        0.885183
        0.887558
        0.889593
        0.891286
        0.892639
        0.893650
        0.894321
        0.894651
        0.894640
        0.894288
        0.893595
        0.892561
        0.891186
        0.889471
        0.887414
        0.885017
        0.882279
        0.879200
        0.875779
        0.872018
        0.867916
        0.868996
        0.874935
        0.880105
        0.884506
        0.888138
        0.891001
        0.893094
        0.894419
        0.894975
        0.894761
        0.893779
        0.892027
        0.889506
        0.886217
        0.882158
        0.877330
        0.871733
        0.865367
        0.858232
        0.850328
        0.841655
        0.832212
        0.822001
        0.811021
        0.799271
        0.786752
        0.773465
        0.759408
        0.744582
        0.728987
        0.711128
        0.692430
        0.674865
        0.658434
        0.643135
        0.628970
        0.615937
        0.604038
        0.593271
        0.583638
        0.575137
        0.567770
        0.561536
        0.556435
        0.552466
        0.549631
        0.547929
        0.547360
        0.547924
        0.549621
        0.552451
        0.556414
        0.561510
        0.567739
        0.575102
        0.583597
        0.593225
        0.603986
        0.615881
        0.628908
        0.643069
        0.652620
        0.656692
        0.660738
        0.664756
        0.668747
        0.672711
        0.676648
        0.680557
        0.684440
        0.688296
        0.692124
        0.695925
        0.699699
        0.703447
        0.707167
        0.710859
        0.714525
        0.718164
        0.721776
        0.725360
        0.728917
        0.732448
        0.735951
        0.739427
        0.742876
        0.746298
        0.749692
        0.753060
        0.756401
        0.759714
        0.765313
        0.772877
        0.779988
        0.786646
        0.792850
        0.798600
        0.803897
        0.808740
        0.813130
        0.817066
        0.820549
        0.823578
        0.826154
        0.828276
        0.829945
        0.831160
        0.831921
        0.832230
        0.832084
        0.831485
        0.830433
        0.828927
        0.826967
        0.824554
        0.821687
        0.818367
        0.814594
        0.810367
        0.805686
        0.800552
        0.794964
        0.790104
        0.786494
        0.783125
        0.779998
        0.777113
        0.774469
        0.772067
        0.769907
        0.767988
        0.766311
        0.764876
        0.763682
        0.762730
        0.762020
        0.761551
        0.761324
        0.761338
        0.761594
        0.762092
        0.762832
        0.763813
        0.765036
        0.766500
        0.768206
        0.770154
        0.772344
        0.774775
        0.777447
        0.780362
        0.783518
        0.786915
        0.791346
        0.796316
        0.800870
        0.805007
        0.808727
        0.812030
        0.814916
        0.817386
        0.819439
        0.821076
        0.822295
        0.823098
        0.823485
        0.823454
        0.823007
        0.822143
        0.820862
        0.819165
        0.817051
        0.814520
        0.811572
        0.808208
        0.804427
        0.800230
        0.795615
        0.790584
        0.785136
        0.779272
        0.772990
        0.766292
        0.761020
        0.757543
        0.754143
        0.750819
        0.747573
        0.744403
        0.741310
        0.738293
        0.735354
        0.732491
        0.729705
        0.726996
        0.724363
        0.721807
        0.719328
        0.716926
        0.714601
        0.712352
        0.710180
        0.708085
        0.706067
        0.704125
        0.702260
        0.700472
        0.698761
        0.697126
        0.695568
        0.694087
        0.692683
        0.691356
        0.690105
        0.688788
        0.687298
        0.685739
        0.684113
        0.682419
        0.680657
        0.678828
        0.676930
        0.674965
        0.672933
        0.670832
        0.668664
        0.666428
        0.664124
        0.661752
        0.659313
        0.656806
        0.654231
        0.651588
        0.648878
        0.646100
        0.643254
        0.640340
        0.637359
        0.634310
        0.631193
        0.628008
        0.624755
        0.621435
        0.618047
        0.618133
        0.621281
        0.623813
        0.625729
        0.627029
        0.627713
        0.627781
        0.627232
        0.626068
        0.624288
        0.621891
        0.618879
        0.615250
        0.611005
        0.606145
        0.600668
        0.594575
        0.587866
        0.580541
        0.572600
        0.564043
        0.554870
        0.545081
        0.534676
        0.523655
        0.512017
        0.499764
        0.486895
        0.473409
        0.459307
        0.444590
