        7.956725
        1.048371
        2.972910
        4.501754
        4.534362
        1.315927
        1.882238
        4.495057
        5.567046
        7.395173
       10.943559
       15.585437
       15.738427
       10.979691
        8.546125
       10.967177
       15.156430
        1.608865
        1.775250
        3.692211
        5.865800
        9.074011
        0.954779
        7.529128
       17.819658
       12.086226
        6.630222
        5.407005
        2.154553
        3.480175
        3.111095
        3.374421
        9.549021
       18.649471
       17.801680
       11.362343
       12.234634
        3.868467
        3.960649
       11.213935
        8.487079
       12.575513
       11.733362
       12.956755
       11.189788
       25.472341
       10.731875
        1.041673
       27.450814
       24.571673
        9.194042
       17.528835
        2.504422
        6.154507
       10.849262
       26.368779
       15.268176
       18.218173
       30.054116
       12.537266
        3.532170
        4.376789
       18.196846
        4.149595
        3.694678
       30.265975
       17.455337
       16.403441
        7.444348
       21.310584
       13.248811
       19.982319
       22.565351
       17.195888
       36.865352
       33.714600
       37.483835
       31.245430
       25.949995
       40.339358
       33.704730
       26.112150
       16.323244
        6.192402
       16.746611
       16.043879
        4.030270
       15.160836
        8.827782
       11.638360
       11.146253
       32.087757
       37.999560
       26.475766
       36.122962
       44.245191
       44.362578
       22.576984
       44.712975
       46.616716
       40.722186
       30.144359
       43.737926
       45.860577
       46.072966
       20.853376
       23.883922
       34.000840
       41.511813
       43.716776
       44.786121
       41.089151
       40.800444
       48.229282
       49.292810
       33.967528
       18.045971
       10.658905
       16.321658
       30.867361
       46.421424
       19.855238
       42.288750
       17.160989
       24.046959
       32.976793
       58.364531
       30.298935
       42.309195
       41.283914
       15.318056
       29.392274
       34.499997
       32.044046
       23.823995
       49.881506
       45.391736
       19.913403
       61.101610
       58.617987
       40.843803
       37.348646
       56.777345
       52.268541
       58.788426
       26.820347
       36.972692
       39.945426
       56.393107
       63.432948
       54.506287
       52.431577
       58.983189
       60.120569
       62.151919
       53.585878
       18.447482
       55.211663
       46.637338
       43.122088
       55.704299
       57.257290
       48.745183
       64.154011
       50.883521
       17.082203
       52.204912
       63.685170
       51.205012
        9.433221
       45.541025
       37.093428
       31.586485
       16.710126
       45.263246
       36.323189
       36.251100
       16.923220
       47.063701
       49.938260
       54.018939
       52.882440
       59.259206
       43.012985
       55.227703
       51.926251
       31.309763
       17.684470
       26.477529
       25.504243
       35.578507
       38.529033
       30.259983
       40.627537
       38.719389
       35.260894
       44.796344
        8.753930
       16.401855
       37.747161
       49.920458
       56.666833
       23.361323
       30.583412
       38.187625
       49.493037
       58.885896
       50.334660
       41.400596
       58.620983
       40.854907
       49.536220
       56.294933
       12.501486
        8.163473
       51.041623
       53.056934
       51.218055
       46.291523
       28.454592
       41.032221
       19.486511
       34.266281
       40.048183
       37.783294
       30.011462
       52.119428
       48.523806
       44.219105
       49.498854
       49.036711
       48.590254
       23.762305
       33.379890
       50.374317
       47.677072
       33.945672
       23.465314
       45.400020
       39.814820
       44.449296
       48.700414
       47.159937
       43.250931
       16.392866
       12.513823
       14.498466
       41.576499
       45.480217
       40.891568
       43.181486
       44.280971
       39.181004
       17.996619
       22.482863
       31.427502
       18.060600
       25.064308
        8.576088
        8.824080
       17.561443
       24.909908
       22.577865
       29.926682
       25.469697
       28.154428
       32.970624
       27.814607
       31.054545
       32.693373
       33.163624
       33.956071
       33.207159
       28.672797
       30.231429
       31.575557
       32.754886
       16.214494
       11.796990
       29.561480
        7.236014
        7.795627
        6.728925
       20.016336
       16.761946
       20.545633
       20.279839
       27.900091
       12.707705
        8.100197
        7.964656
       21.801986
       23.427595
       14.982289
       10.463614
        2.869800
       15.646245
        4.704096
       10.653441
       23.135010
       19.123423
       22.465237
        3.130483
        9.424585
       19.793725
        1.034270
       11.470035
       13.266789
       16.406966
       14.884467
        4.877532
        6.488160
        1.978650
        1.560923
        7.511326
        4.176033
        9.144866
        9.816225
        3.595975
        6.450617
       10.394698
       11.344365
       16.041940
       13.121554
        9.119662
        2.929903
        9.481339
        1.078334
       14.536537
        4.377670
        3.473477
       13.406913
        6.006452
        0.716657
        2.858696
        6.052807
       10.309390
        8.842058
        3.980213
        3.451621
        2.073123
        9.207966
       13.469131
        2.267710
        1.308877
        0.748207
        1.612742
        1.634951
        0.987562
        4.681536
        5.237447
        9.021663
        4.570671
        9.103975
        6.352266
        5.978427
        4.229968
        3.658898
        2.789780
       10.175964
        9.517295
        6.428585
        1.463277
        1.049604
        2.182754
