        1.092000
        0.189000
        0.008000
        0.000000
        0.381000
        0.175000
        0.000000
        0.000000
        0.000000
        0.000000
        0.000000
        0.000000
        0.000000
        0.815000
        0.283000
        0.000000
        0.000000
        6.119000
        3.603000
        9.062000
        3.172000
        0.013000
       11.175000
        0.302000
        0.233000
        0.000000
        0.393000
        0.135000
        0.000000
        0.000000
        0.000000
        0.067000
        0.034000
        0.000000
        0.052000
        0.843000
        3.786000
        6.976000
        5.061000
        1.899000
        6.925000
        6.468000
        5.489000
        1.526000
        2.401000
        0.193000
        1.400000
       19.100000
        0.168000
        0.000000
        1.522000
        1.678000
        6.151000
        6.022000
        3.830000
        0.012000
        0.499000
        1.451000
        0.000000
        0.323000
        3.339000
        0.885000
        0.067000
       16.337000
       14.716000
        2.548000
        3.333000
       11.988000
        8.974000
        8.746000
        0.299000
        1.909000
        0.324000
        3.776000
        0.028000
        0.000000
        0.000000
        0.000000
        0.266000
        0.000000
        0.000000
        1.611000
       15.744000
       10.601000
        8.583000
        4.051000
        8.954000
        3.604000
        0.149000
        0.000000
        0.000000
        0.034000
        1.659000
        0.000000
        0.072000
        0.000000
        0.000000
        0.000000
        0.000000
        0.000000
        0.000000
        0.000000
        0.000000
        0.000000
        0.000000
        3.306000
        4.261000
        2.030000
        0.889000
        2.200000
        0.276000
        0.000000
        0.203000
        0.121000
        0.000000
        0.000000
        5.606000
       14.895000
        3.041000
        0.484000
        0.000000
        4.657000
        0.748000
        5.830000
        0.000000
        0.405000
        0.000000
       10.257000
        3.274000
        0.822000
        2.218000
        6.527000
       10.095000
       13.301000
       12.308000
        1.239000
        3.037000
        4.601000
        0.116000
        0.000000
        1.062000
        5.348000
        0.000000
        2.434000
        1.574000
       13.182000
        4.476000
        0.498000
        1.120000
        0.000000
        0.000000
        0.102000
        0.000000
        0.000000
        0.126000
        0.722000
       10.585000
        3.993000
        5.737000
       10.324000
        0.790000
       12.748000
        0.713000
        0.000000
        0.046000
        6.571000
        5.857000
        0.000000
        3.927000
       14.770000
        1.074000
        1.511000
        6.996000
        3.547000
        0.058000
        1.485000
        6.658000
        7.636000
        0.665000
        0.563000
        0.128000
        0.788000
        1.190000
        8.930000
        1.229000
        5.236000
        7.933000
        8.928000
        5.556000
        3.939000
        1.733000
        1.023000
        0.194000
        0.948000
        0.692000
       17.163000
        8.057000
       57.127000
       12.658000
        0.655000
        0.000000
        0.093000
        1.342000
        9.052000
       10.471000
        2.556000
        0.000000
        3.714000
        3.194000
        0.000000
        0.000000
        0.000000
        0.000000
       10.820000
        7.977000
        0.397000
        0.000000
        0.000000
        0.086000
        7.190000
        1.707000
       14.400000
        1.442000
        0.560000
        4.170000
        4.645000
        0.000000
        0.000000
        2.877000
        5.216000
        0.000000
        0.142000
        3.551000
        3.360000
        0.000000
        0.000000
        8.842000
        5.227000
        1.352000
        1.218000
        2.173000
        0.000000
        0.000000
        1.917000
       11.271000
       13.818000
        9.999000
        0.591000
        0.000000
        0.000000
        0.000000
        0.000000
        0.000000
        0.079000
        0.371000
        0.428000
        2.421000
        0.826000
        8.355000
        5.267000
        0.310000
        6.304000
        9.342000
        1.258000
        0.142000
        0.000000
        0.000000
        0.228000
        0.233000
        0.830000
        0.057000
        0.000000
        0.000000
        0.362000
        0.287000
        0.000000
        0.000000
        2.235000
        0.210000
        0.283000
       12.083000
        6.225000
       10.885000
        2.613000
       17.833000
        3.388000
        2.178000
        0.180000
        4.128000
       10.806000
        1.578000
        0.009000
        0.000000
        0.000000
        0.000000
        0.830000
        0.120000
        2.264000
        1.520000
        0.002000
        0.000000
        0.000000
        0.000000
        0.000000
        0.000000
       19.577000
        3.889000
       10.356000
        2.162000
        0.454000
        1.571000
        3.089000
        5.591000
        1.588000
        0.729000
        0.202000
        0.002000
        2.225000
        0.275000
        2.880000
        1.372000
        3.425000
        0.000000
        0.000000
        0.000000
        0.788000
        3.408000
       10.380000
        0.000000
        1.748000
        1.670000
        0.572000
        0.000000
       30.175000
        4.493000
        0.015000
        3.779000
        4.605000
        0.000000
        3.719000
        5.390000
       10.618000
        0.526000
        5.669000
        9.015000
        2.367000
        0.318000
        0.000000
        0.000000
        0.442000
        0.637000
        0.293000
        2.859000
        2.889000
        4.520000
        1.339000
        4.177000
        2.877000
        2.775000
        0.035000
        1.316000
        1.315000
        3.251000
       14.336000
        3.367000
