       -1.763000
       -4.402000
       -8.689000
       -8.547000
       -8.319000
       -6.965000
       -8.264000
       -9.263000
       -7.816000
       -7.980000
       -6.425000
       -5.225000
        0.348000
       -2.664000
       -2.404000
       -3.547000
       -1.412000
       -0.462000
        2.311000
       -0.727000
       -0.712000
       -2.327000
        1.722000
       -0.427000
        0.072000
       -0.928000
       -2.812000
       -3.832000
       -3.423000
       -3.853000
       -6.672000
       -6.071000
       -0.062000
        4.895000
        3.331000
        2.319000
        3.092000
        0.058000
       -2.418000
       -2.869000
        2.541000
       -2.624000
       -3.563000
       -4.698000
       -5.039000
       -4.330000
       -5.082000
       -2.088000
       -7.489000
       -6.000000
       -4.494000
        0.401000
       -1.949000
       -0.774000
       -0.419000
       -0.092000
        0.511000
        3.184000
        5.777000
        4.771000
        2.554000
        1.565000
        0.613000
       -1.560000
       -1.822000
       -0.804000
        0.799000
        0.261000
       -0.267000
        1.719000
        0.621000
        6.084000
        6.082000
        5.390000
        5.855000
        7.046000
        5.670000
        5.538000
       -1.299000
       -0.293000
        3.186000
        3.904000
       -0.762000
       -1.481000
        2.674000
        4.657000
        2.997000
        1.818000
        2.337000
        2.819000
        3.205000
        9.631000
       10.502000
       10.492000
       11.820000
       12.808000
       13.659000
       10.185000
       12.843000
       15.351000
       15.139000
       13.552000
       14.204000
       14.060000
       15.609000
        7.835000
        6.659000
        7.806000
        9.811000
       12.577000
       13.769000
       13.812000
        8.997000
        7.296000
       14.664000
       14.439000
        7.804000
        4.090000
        4.126000
        6.751000
       10.646000
       10.168000
       12.107000
        5.844000
        6.416000
       10.446000
       15.715000
       15.302000
       15.159000
       16.454000
       14.068000
       14.996000
       16.338000
       14.772000
       10.705000
       11.375000
       16.596000
       10.560000
       15.314000
       19.617000
       18.817000
       15.381000
       18.153000
       23.415000
       24.331000
       15.334000
        9.790000
       11.827000
       12.828000
       12.687000
       11.906000
       13.655000
       15.928000
       16.013000
       13.187000
       13.796000
       10.588000
       12.499000
       14.665000
       12.776000
       14.876000
       14.094000
       13.906000
       17.731000
       20.043000
       15.975000
       15.391000
       17.396000
       21.003000
       13.742000
       11.978000
       10.811000
        8.380000
        8.991000
       12.385000
       15.848000
       16.538000
       14.099000
       18.415000
       19.856000
       21.005000
       21.099000
       21.530000
       18.796000
       19.887000
       19.483000
       16.914000
       12.275000
       11.133000
       11.143000
       12.586000
       13.428000
       15.599000
       20.111000
       20.667000
       17.856000
       21.620000
       13.207000
        9.668000
       12.883000
       17.133000
       21.810000
       20.079000
       19.717000
       15.727000
       14.363000
       17.384000
       20.899000
       16.834000
       20.782000
       16.787000
       16.437000
       20.954000
       14.890000
       12.581000
       16.243000
       18.730000
       20.463000
       20.865000
       18.275000
       18.171000
       16.272000
       16.964000
       17.858000
       18.370000
       17.304000
       21.217000
       23.336000
       23.229000
       22.650000
       24.711000
       25.656000
       18.952000
       13.870000
       16.255000
       21.777000
       17.953000
       17.656000
       20.887000
       18.206000
       14.074000
       15.175000
       18.399000
       21.951000
       15.980000
       14.863000
       11.242000
       10.606000
       13.058000
       15.653000
       17.807000
       17.176000
       17.466000
       13.573000
       13.342000
       13.640000
        8.561000
        9.662000
       12.255000
       13.443000
       14.409000
       15.532000
       15.304000
       17.269000
       16.508000
       16.277000
       16.255000
       14.163000
       13.947000
       15.250000
       15.524000
       15.416000
       14.636000
       13.521000
       11.908000
       11.368000
       10.993000
       11.255000
       16.237000
       19.485000
       13.626000
       12.657000
       11.534000
       10.308000
        6.418000
        5.376000
        2.581000
        0.755000
        1.741000
        2.463000
        1.095000
        1.672000
        2.885000
        8.243000
        8.911000
        6.118000
        6.678000
        8.100000
        8.523000
        9.360000
        8.341000
       10.233000
        4.228000
        5.656000
        8.467000
        5.526000
        3.621000
        5.832000
        5.034000
        4.439000
        2.441000
        1.963000
        0.815000
        0.720000
        2.842000
        2.652000
        8.237000
        9.740000
        6.959000
        8.895000
       10.683000
        7.903000
        8.496000
        9.248000
        9.346000
        6.553000
        7.062000
        6.396000
        7.649000
        5.121000
        4.259000
        5.198000
        6.373000
       -1.024000
       -0.990000
       -1.184000
        2.198000
        1.036000
       -0.518000
        4.232000
        5.317000
        2.731000
        3.634000
        1.329000
        1.315000
       -2.393000
       -4.791000
       -6.141000
       -7.426000
       -6.526000
       -7.409000
       -7.453000
      -10.629000
       -9.718000
       -1.926000
        4.498000
       -0.144000
       -0.485000
        1.898000
       -0.667000
       -1.729000
        0.821000
        1.306000
        4.874000
        3.002000
