        6.611111
        6.372222
       20.288889
       19.716667
       20.338889
       17.494444
       20.344444
       22.127778
       19.455556
       19.916667
       15.011111
       28.988889
      269.705556
      109.988889
       15.072222
       36.683333
      160.361111
       63.183333
       65.821053
        5.405263
       19.826316
       39.626316
       45.078947
      112.326316
      135.294737
       98.310000
       65.715789
       96.794737
       53.905263
       43.173684
       32.600000
       50.105263
      188.925000
      370.605000
      229.820000
      176.880952
      165.433333
        5.720000
        5.676190
       35.247619
      140.219048
       17.919048
       49.523810
       63.390476
       17.490476
      139.585714
       37.086364
        5.704762
       59.919048
       91.654545
       99.760870
       78.545455
        5.750000
        5.509091
        8.531818
      155.459091
      163.890909
      202.939130
      343.491304
      263.521739
        6.282609
       19.382609
       24.234783
        5.308696
        5.347826
        5.695652
      179.191667
      168.837500
       26.100000
      164.704167
      171.091667
      301.966667
      279.716667
      280.920833
      313.216667
      409.687500
      408.912500
      575.728000
      224.000000
      287.260000
      446.677778
      272.415385
       37.061538
        8.103846
      134.869231
      115.657692
       60.003846
       65.661538
      109.092308
      121.180769
       70.615385
      308.957692
      437.903846
      395.192308
      486.577778
      653.522222
      828.176923
      440.870370
      700.285714
     1147.789286
     1114.921429
      863.082143
      852.117857
      797.692857
     1144.132143
      236.300000
      233.471429
      338.650000
      434.068966
      625.457143
      638.967857
      704.203571
      584.503448
      434.272414
     1119.206897
     1036.065517
      130.255172
       37.631034
      100.348276
      271.106897
      461.713333
      195.320000
      465.633333
       93.606667
      264.490000
      391.446667
     1073.126667
      678.200000
      550.283333
      758.470000
      455.833333
      518.963333
      599.074194
      359.881250
       75.314286
      415.235000
      797.974194
      228.671429
      784.893548
     1377.974194
     1047.622581
      387.587879
      899.261290
     1333.487097
     1826.071875
      345.900000
      313.965000
      422.466667
      697.158824
      688.515625
      494.362500
      586.428125
      852.903125
      901.893750
      760.337500
      740.857576
      128.411429
      368.881081
      572.430556
      359.144444
      759.754545
      569.676471
      672.318750
      942.896875
     1015.778788
      127.413514
      456.560976
     1011.754545
      972.460606
       51.865854
      316.233333
      348.538235
      125.102174
       41.227083
      150.044186
      346.941463
      425.687879
       56.481579
      592.922857
      649.432432
      867.312500
      889.515625
      976.406250
      577.218182
      774.721875
      709.113889
      402.095000
      148.631250
      219.167647
      220.971875
      492.724242
      597.934375
      477.924242
      728.569697
      751.247059
      327.558333
      768.593750
       30.525641
      104.229268
      399.363889
      758.759375
     1336.896875
     1050.859375
      850.825000
      351.571429
      518.387500
      927.853125
     1134.766667
      556.065789
     1246.138710
      655.993548
      678.671875
     1189.080000
      175.540541
       22.411364
      625.212903
      916.024138
      991.327586
      944.986207
      406.727586
      571.835714
      203.642857
      503.546429
      677.525000
      691.500000
      430.182143
      946.716129
     1477.176667
     1577.240000
     1023.966667
     1467.679310
     1735.296429
      529.676471
      378.200000
      662.103571
     1138.646429
      474.492857
      298.106061
      901.421429
      518.864706
      753.089655
      928.357143
     1024.253571
     1226.400000
      129.752941
      200.863636
      102.769444
      476.729630
      650.955556
      779.600000
      960.129630
      949.525926
      939.344444
      305.317857
      395.933333
      561.780000
      231.785714
      174.535294
       75.958974
       29.165000
      143.606061
      191.997222
      231.545946
      486.486207
      375.868966
      336.628000
      471.752000
      337.788000
      446.840000
      517.040000
      478.028000
      732.612000
      578.592000
      446.736000
      476.287500
      489.508696
      404.169565
      372.329167
      563.369565
     1020.139130
      157.626087
       19.730435
       25.673913
      261.760870
      152.417391
      286.421739
      228.200000
      287.134783
      236.304348
       62.195652
       33.445455
      148.609091
      151.368182
      420.131818
      219.118182
        4.433333
       26.666667
       20.786364
      180.119048
      387.266667
      284.019048
      390.457143
        3.490476
       81.523810
      307.757143
        5.795238
      104.790476
      234.266667
      201.840000
      157.325000
      104.840000
       13.000000
        3.645000
        2.670000
       75.185000
       75.720000
      168.263158
      393.157895
      141.268421
       65.147368
      332.415789
      149.589474
      198.757895
      351.100000
      385.368421
       75.547368
      274.926316
        3.715789
      362.142105
       69.126316
      164.931579
      283.847368
      472.747368
        4.521053
        4.205263
       11.863158
      182.938889
      120.800000
       86.661111
      248.166667
        2.894118
      159.370588
      258.941176
       20.972222
       30.317647
        4.564706
       28.500000
       52.794118
       28.111765
       38.633333
       94.670588
       93.747059
       22.077778
       72.650000
       16.388889
      196.583333
        4.427778
        4.794737
      136.422222
      175.750000
      116.427778
      112.538889
        5.144444
       26.038889
        5.616667
