        0.548104
        0.549084
        0.549763
        0.550139
        0.550214
        0.549986
        0.549456
        0.548624
        0.547490
        0.546054
        0.544316
        0.542276
        0.539934
        0.537290
        0.534344
        0.531095
        0.527545
        0.523692
        0.519538
        0.515081
        0.510322
        0.505262
        0.499899
        0.494234
        0.488267
        0.481998
        0.475427
        0.468554
        0.461378
        0.453901
        0.446122
        0.437490
        0.428495
        0.419849
        0.411554
        0.403608
        0.396012
        0.388766
        0.381870
        0.375324
        0.369127
        0.363280
        0.357784
        0.352637
        0.347839
        0.343392
        0.339295
        0.335547
        0.332149
        0.329101
        0.326403
        0.324055
        0.322056
        0.320407
        0.319109
        0.318160
        0.317561
        0.317311
        0.317412
        0.315139
        0.310425
        0.305969
        0.301773
        0.297836
        0.294158
        0.290739
        0.287579
        0.284678
        0.282036
        0.279654
        0.277530
        0.275665
        0.274060
        0.272714
        0.271626
        0.270798
        0.270229
        0.269919
        0.269868
        0.270076
        0.270543
        0.271269
        0.272254
        0.273499
        0.275002
        0.276764
        0.278786
        0.281067
        0.283606
        0.286405
        0.289426
        0.292272
        0.294847
        0.297151
        0.299184
        0.300945
        0.302436
        0.303656
        0.304604
        0.305282
        0.305689
        0.305824
        0.305689
        0.305282
        0.304604
        0.303656
        0.302436
        0.300945
        0.299184
        0.297151
        0.294847
        0.292272
        0.289426
        0.286309
        0.282921
        0.279262
        0.275332
        0.271131
        0.266659
        0.261916
        0.254741
        0.245878
        0.237732
        0.230306
        0.223598
        0.217608
        0.212337
        0.207784
        0.203950
        0.200834
        0.198437
        0.196759
        0.195799
        0.195557
        0.196034
        0.197229
        0.199143
        0.201776
        0.205127
        0.209197
        0.213985
        0.219491
        0.225716
        0.232660
        0.240322
        0.248703
        0.257802
        0.267619
        0.278155
        0.289410
        0.301383
        0.310617
        0.316545
        0.322441
        0.328302
        0.334129
        0.339923
        0.345682
        0.351408
        0.357100
        0.362758
        0.368382
        0.373972
        0.379528
        0.385050
        0.390539
        0.395994
        0.401414
        0.406801
        0.412154
        0.417473
        0.422759
        0.428010
        0.433227
        0.438411
        0.443561
        0.448677
        0.453759
        0.458807
        0.463821
        0.468801
        0.481520
        0.500847
        0.518633
        0.534879
        0.549585
        0.562750
        0.574375
        0.584459
        0.593003
        0.600007
        0.605470
        0.609393
        0.611775
        0.612617
        0.611919
        0.609680
        0.605901
        0.600582
        0.593722
        0.585321
        0.575380
        0.563899
        0.550877
        0.536315
        0.520213
        0.502570
        0.483387
        0.462663
        0.440399
        0.416595
        0.391250
        0.361065
        0.328900
        0.299005
        0.271382
        0.246030
        0.222949
        0.202140
        0.183601
        0.167334
        0.153338
        0.141613
        0.132160
        0.124977
        0.120066
        0.117426
        0.117057
        0.118960
        0.123133
        0.129578
        0.138294
        0.149281
        0.162540
        0.178069
        0.195870
        0.215942
        0.238285
        0.262900
        0.289785
        0.318942
        0.350370
        0.384069
        0.415910
        0.443041
        0.468641
        0.492709
        0.515246
        0.536251
        0.555725
        0.573668
        0.590079
        0.604959
        0.618308
        0.630125
        0.640411
        0.649166
        0.656389
        0.662081
        0.666241
        0.668870
        0.669968
        0.669534
        0.667569
        0.664073
        0.659045
        0.652486
        0.644395
        0.634774
        0.623620
        0.610936
        0.596720
        0.580973
        0.572440
        0.572148
        0.571689
        0.571065
        0.570275
        0.569319
        0.568197
        0.566909
        0.565456
        0.563837
        0.562052
        0.560101
        0.557984
        0.555702
        0.553253
        0.550639
        0.547859
        0.544914
        0.541802
        0.538525
        0.535082
        0.531473
        0.527698
        0.523757
        0.519651
        0.515379
        0.510941
        0.506337
        0.501567
        0.496632
        0.491531
        0.485138
        0.477867
        0.470983
        0.464485
        0.458373
        0.452647
        0.447308
        0.442355
        0.437788
        0.433607
        0.429812
        0.426404
        0.423382
        0.420746
        0.418496
        0.416633
        0.415156
        0.414065
        0.413360
        0.413042
        0.413109
        0.413563
        0.414404
        0.415630
        0.417243
        0.419242
        0.421627
        0.424398
        0.427556
        0.431100
        0.435220
        0.439303
        0.442955
        0.446177
        0.448969
        0.451329
        0.453259
        0.454758
        0.455826
        0.456464
        0.456671
        0.456448
        0.455793
        0.454708
        0.453192
        0.451246
        0.448869
        0.446061
        0.442822
        0.439153
        0.435053
        0.430522
        0.425561
        0.420169
        0.414346
        0.408093
        0.401409
        0.394294
        0.386748
        0.378772
        0.370365
