        7.537764
        4.706035
        7.993386
        3.874459
       12.197091
        3.521947
        4.320211
        5.824732
        5.142093
        7.665726
       12.726036
       10.325429
       12.520697
        7.683704
       11.037679
       15.162951
        1.267809
        0.556969
        5.001617
        3.567069
       13.758896
        8.051727
       12.895946
        4.893924
        8.326510
        7.452985
        8.547535
       11.951743
       12.641962
       17.457276
       17.439826
       18.041388
       20.248994
       11.185735
        4.795926
        9.682976
       12.059259
        3.090473
        1.999096
        4.107646
        8.455529
       22.714287
        5.497248
       17.321382
       12.342326
        1.974067
        5.865623
        3.774522
       10.786691
       11.884413
       14.970480
       22.736671
        1.985171
        4.143074
        3.758483
        4.244421
        6.043642
       30.239889
        9.870336
       18.572623
        8.449008
       11.559750
        4.294830
       10.250344
        8.809980
       24.040085
        3.906185
       12.659411
       16.098518
        8.520391
       20.257807
       22.240511
       34.272627
       33.671594
       12.118834
       26.932269
       23.754021
       37.047777
       35.826500
       16.627991
       26.485108
       15.205253
       10.477890
       21.722494
       27.144482
       23.363790
        2.968856
       18.943819
        3.518246
       32.593788
       33.749499
       26.902658
       30.299816
       39.385637
        2.917037
       37.405753
       46.318314
       46.707664
        4.409925
        6.567827
       21.395540
        6.108680
       13.776521
       33.933510
       16.341751
       25.405364
       33.845382
       27.034498
       46.261207
       48.647890
       50.433892
       41.403592
       31.651347
       50.825709
       31.575910
       12.196210
       11.992282
        7.295060
       19.514712
       41.394427
       38.906221
       50.747628
       51.698000
       54.873075
       19.529870
       30.598570
       39.164083
       18.762980
        7.089898
       34.440422
       53.305455
       49.188114
       38.174053
       39.985612
       44.142081
       22.325819
       40.888748
        6.880858
       47.528135
       17.329490
       34.345597
       33.938269
       36.403033
       53.632057
       28.422690
       38.306422
       24.215636
        9.308961
        9.537388
       33.432062
       23.900666
       17.236074
       26.158505
       49.485811
       27.036789
       33.689219
       40.779998
       63.205754
       63.123266
       62.729863
       58.340736
       64.005075
       61.450068
       58.058726
       59.611013
       55.823272
       38.879430
       47.523905
       56.291936
       39.835442
       48.850760
       51.410703
       14.560332
       39.776749
       58.096621
       51.298428
       48.922673
       43.416964
       45.615405
       24.877829
       62.079126
       62.901184
       62.197746
       60.111933
       56.698735
       46.960591
       31.054545
       16.087943
       38.146910
       50.158404
       58.447547
       58.582912
       53.844445
       54.475266
       44.110884
       54.693118
       60.494056
       60.828589
       59.648203
       58.458475
       55.519582
       52.001160
       44.936291
       50.746217
       55.551485
       56.946727
       37.689349
       50.594990
       36.658957
       35.812575
       51.842882
       30.643339
       18.283035
       35.214891
       11.902039
       19.487745
       10.676883
       13.396866
       32.814990
       35.109843
       36.222018
       26.595092
        8.578556
       25.624979
        5.199552
       11.080157
       51.479619
       34.697227
       36.278772
       44.193901
       29.724164
       26.949719
       32.930261
       26.309733
       41.868732
       16.913878
       37.998326
       33.362969
       10.972112
        8.320693
       13.097407
       17.301289
       48.683670
       46.668535
       32.279524
       22.612764
       35.337037
       43.637637
       25.667104
       38.262181
       38.184276
       40.747215
       33.821411
       30.216624
       41.863091
       39.536336
       22.885784
       17.198708
       25.908222
        1.861968
        2.823269
       19.718640
       37.134848
       37.724424
       36.756074
       21.675434
       28.304951
        6.085767
        9.457016
       20.251991
       11.278269
       31.893347
       26.651141
        5.485968
       16.133769
        4.759793
       12.531978
       20.615254
       24.620319
       18.087391
       30.970823
       28.595773
       27.309457
       21.285203
       25.573512
       26.648673
        6.682394
       21.627316
        4.140430
       22.932668
       21.228273
       18.548653
       20.060224
       13.427887
       22.887018
        3.791443
       19.570937
       15.523042
       23.053404
       14.499171
       13.639747
        1.161527
       21.129922
       12.125179
       12.219476
       22.090341
       13.061627
       19.026130
       16.341751
       19.404199
       19.266720
       14.563152
        2.173413
       16.759126
        4.829591
        6.383816
        7.233194
        4.686295
       17.328785
       16.389164
        8.742826
       12.457950
        7.881463
       13.022675
        1.404408
       11.534898
        5.803934
        9.576341
        9.381402
       10.673887
       13.428240
       13.003991
        0.861187
        1.458871
        2.454012
        5.040922
        9.455429
        3.984796
        6.039059
        0.641748
        8.007839
        8.225868
        0.591339
        6.553903
        6.917343
        3.952012
       12.465529
       13.106044
       12.617286
        9.635034
        0.944203
        7.271618
        5.325751
       12.291565
        9.084058
        3.184770
        7.216449
        2.330457
        1.687475
        1.511571
       10.374604
       11.829774
       12.095392
        9.326057
       11.527847
