        2.694000
        0.923000
        0.864000
        0.177000
        0.000000
        0.000000
        0.000000
        0.000000
        0.000000
        0.000000
        0.000000
        0.000000
        0.000000
        0.000000
        0.000000
        0.718000
        9.777000
       13.623000
        0.647000
        0.659000
        3.708000
        1.979000
        0.097000
        0.000000
        0.220000
        2.077000
        0.426000
        0.000000
        0.000000
        0.000000
        0.000000
        0.000000
        0.000000
        0.000000
        0.000000
        0.000000
        0.413000
        1.335000
        5.943000
        8.707000
        5.151000
        0.816000
        0.000000
        0.000000
        0.000000
        6.160000
       16.125000
        6.079000
        4.829000
        0.005000
        2.688000
        0.065000
        0.000000
        0.511000
        0.669000
        1.187000
        2.245000
        0.215000
        2.815000
        5.065000
        1.885000
       16.339000
       34.808000
        7.839000
        3.528000
        3.962000
       15.440000
       16.246000
        5.740000
        8.764000
        4.870000
        0.001000
        0.000000
        0.000000
        0.000000
        0.000000
        0.000000
        0.000000
        0.000000
        1.783000
        1.055000
        1.418000
        0.769000
        5.408000
        2.592000
        2.652000
       17.908000
        2.806000
       10.304000
        8.088000
        1.878000
        2.743000
        7.207000
        0.412000
       14.934000
        0.247000
        0.000000
        0.000000
       10.554000
       21.682000
        4.407000
        4.254000
        1.798000
        0.654000
        2.498000
        3.538000
        1.031000
        1.106000
        0.000000
        0.000000
        0.000000
        1.116000
        2.318000
        0.436000
        5.207000
        6.269000
        4.964000
        6.897000
        4.321000
        0.000000
        0.000000
        0.124000
        0.000000
        0.000000
        4.461000
        5.143000
        0.129000
        9.722000
       12.428000
        0.682000
        0.000000
        0.069000
        9.681000
        8.084000
        0.400000
       11.031000
        5.424000
       14.240000
        0.681000
        1.440000
        0.590000
        9.477000
        1.655000
        0.000000
        1.583000
        3.072000
        5.921000
        6.646000
       14.865000
       12.115000
        4.602000
        6.167000
        1.870000
        0.000000
        2.931000
        0.175000
        1.435000
        0.000000
        0.000000
        0.000000
        0.000000
        0.000000
        0.000000
        0.000000
        0.000000
        0.659000
        0.363000
        7.409000
        0.378000
        1.775000
        1.028000
        7.854000
        1.711000
        0.269000
        1.403000
        1.129000
        6.594000
        5.493000
        8.132000
        5.175000
        0.004000
        0.000000
        0.000000
        0.000000
        0.000000
        3.853000
       13.965000
        4.479000
        4.934000
        0.513000
        0.000000
        0.000000
        0.148000
        0.353000
        1.433000
        0.107000
        0.000000
        0.000000
        0.000000
        0.000000
        0.000000
        0.158000
        2.087000
        2.667000
        0.000000
        0.000000
        0.000000
        0.000000
        4.488000
       10.203000
        0.000000
        5.882000
        4.227000
        2.098000
       25.236000
        6.374000
       11.155000
        6.928000
        1.448000
        3.240000
        1.221000
        4.820000
       10.804000
        7.380000
       12.526000
        5.602000
        0.003000
        5.016000
        0.004000
        4.171000
        5.596000
        5.437000
        1.345000
        3.918000
        0.011000
        8.239000
        0.325000
        5.276000
       12.151000
       22.086000
       12.736000
        4.730000
        0.144000
        0.000000
        0.000000
        0.000000
        0.624000
        0.293000
        0.000000
        4.030000
        1.954000
        0.000000
        0.466000
        0.333000
        0.000000
        0.000000
        0.331000
        3.107000
        1.434000
       38.527000
       16.573000
        2.228000
        0.005000
        0.000000
        0.000000
        0.078000
        0.592000
       16.359000
        9.057000
        0.867000
        0.123000
        0.000000
        2.700000
       10.711000
        3.366000
        6.551000
        1.326000
        0.701000
        0.000000
        8.679000
        0.012000
        0.000000
        0.000000
        0.000000
        0.000000
        0.140000
        1.330000
        0.347000
        0.000000
        0.000000
        0.000000
        0.378000
        0.000000
        1.733000
        0.000000
        3.671000
        4.967000
        0.000000
        0.000000
        0.000000
        0.000000
        4.681000
        0.373000
        0.215000
        5.839000
        0.934000
        0.944000
        0.000000
        0.000000
        0.000000
        0.000000
        0.000000
        5.043000
        0.345000
        4.083000
       10.275000
        2.067000
        2.186000
        0.000000
        0.000000
        1.152000
        2.918000
        4.484000
        0.972000
       11.815000
        4.334000
        0.000000
        0.306000
        0.000000
        0.000000
        0.000000
        0.000000
        5.590000
        0.127000
        0.000000
        0.258000
        0.702000
        7.515000
        0.354000
        6.983000
        0.016000
        7.835000
       15.001000
        1.560000
        0.000000
        0.598000
        0.000000
        0.000000
        0.000000
        0.929000
        4.224000
        0.794000
        0.206000
        0.000000
        0.000000
        0.000000
        0.000000
        0.000000
        0.000000
        0.000000
        0.000000
        0.000000
        0.000000
        1.007000
        0.885000
