        0.867000
       -0.768000
       -0.661000
       -2.883000
       -2.499000
       -5.981000
       -6.869000
       -6.659000
       -7.112000
       -6.766000
       -6.174000
       -2.991000
       -6.265000
       -8.649000
       -7.114000
       -5.305000
       -0.886000
        0.213000
       -0.525000
       -1.920000
        1.218000
       -0.267000
       -7.427000
       -9.991000
       -6.130000
       -3.843000
       -6.735000
        0.793000
       -1.620000
       -2.668000
       -0.745000
       -0.124000
       -1.408000
       -6.333000
       -9.118000
       -5.853000
       -2.507000
       -1.699000
       -1.722000
       -2.178000
       -4.021000
       -2.462000
       -6.967000
       -5.276000
        0.455000
        0.805000
        4.465000
       -0.315000
        2.175000
        4.998000
        2.404000
        3.970000
       -0.743000
       -2.325000
       -3.234000
       -3.011000
       -3.750000
       -4.671000
       -5.324000
       -4.998000
       -5.783000
        0.841000
       -2.429000
       -3.955000
       -4.538000
       -3.801000
       -1.994000
        4.735000
       -0.120000
       -1.801000
       -7.401000
       -6.694000
       -3.907000
       -2.105000
       -3.100000
       -1.503000
       -1.114000
        1.271000
        5.587000
        5.893000
        6.861000
       -0.040000
        2.169000
        8.559000
       12.202000
       14.462000
        3.905000
        3.875000
        4.787000
       10.051000
       10.294000
        8.127000
        6.298000
        7.121000
       -1.173000
        0.247000
        3.977000
        8.105000
        2.486000
       -0.745000
        0.105000
       -0.080000
        3.124000
        8.321000
        7.295000
        7.784000
        8.493000
        8.601000
       10.635000
       12.274000
       14.681000
       13.229000
       12.127000
       15.188000
       12.764000
        9.136000
        8.825000
        7.715000
        4.987000
        4.415000
        8.715000
       14.121000
       17.162000
       17.643000
       12.247000
       13.236000
       12.669000
        9.887000
        3.844000
        7.993000
       12.877000
       15.247000
       12.550000
       11.708000
       14.847000
       13.185000
       16.191000
       13.323000
       11.550000
       10.009000
       11.222000
       14.083000
        9.401000
       10.348000
        9.357000
       13.728000
       14.013000
       12.378000
        6.906000
        3.869000
        3.426000
        4.033000
        4.762000
       10.176000
       10.452000
       10.713000
       10.524000
       11.470000
       13.601000
       15.081000
       17.278000
       18.308000
       19.240000
       21.323000
       22.749000
       22.781000
       20.383000
       19.817000
       21.168000
       18.904000
       21.227000
       19.670000
       14.715000
       17.493000
       21.117000
       21.913000
       18.510000
       19.271000
       18.795000
       16.699000
       19.638000
       19.115000
       19.101000
       20.722000
       24.145000
       21.831000
       15.697000
       14.297000
       17.716000
       19.982000
       21.860000
       23.690000
       23.831000
       22.913000
       21.795000
       20.083000
       20.370000
       20.820000
       23.062000
       25.391000
       25.486000
       25.267000
       23.108000
       23.090000
       24.952000
       26.432000
       23.561000
       25.257000
       19.843000
       18.574000
       22.699000
       19.529000
       15.130000
       14.655000
       10.292000
       11.606000
       10.959000
       11.429000
       14.584000
       16.434000
       14.732000
       13.060000
        9.511000
        8.782000
        8.024000
        9.299000
       14.896000
       14.475000
       17.181000
       16.380000
       16.804000
       14.525000
       14.106000
       13.494000
       16.504000
       13.231000
       13.236000
       12.767000
       11.663000
       10.142000
        7.741000
        8.659000
       13.248000
       15.824000
       17.142000
       17.354000
       19.860000
       21.279000
       17.982000
       19.828000
       13.359000
       14.360000
       18.359000
       19.027000
       18.777000
       19.567000
       19.092000
       15.442000
       14.289000
       12.280000
       11.525000
       13.149000
       15.832000
       17.404000
       18.548000
       16.254000
       17.369000
       11.065000
       10.660000
       12.892000
       11.776000
       14.494000
       15.714000
       12.348000
       14.955000
       13.735000
        7.821000
        9.008000
       10.891000
        9.491000
       10.722000
       12.522000
       14.063000
       11.485000
       13.757000
       13.087000
       10.459000
        9.968000
        6.568000
       10.460000
       10.548000
       12.021000
       12.250000
       11.780000
       14.337000
       11.351000
       13.183000
       11.039000
       16.229000
       15.050000
       14.067000
       10.311000
        9.889000
        8.629000
        5.662000
        1.076000
        0.887000
        3.398000
        3.281000
        6.172000
        7.087000
        7.785000
        7.373000
        4.154000
        4.159000
        4.405000
        4.608000
        7.171000
       10.963000
       11.368000
       10.922000
        8.805000
        6.903000
        3.495000
        4.545000
        1.970000
        5.964000
        9.843000
       13.423000
       10.966000
        8.639000
        5.818000
        4.841000
        4.183000
        2.604000
        0.616000
        5.871000
        5.951000
        9.583000
        3.115000
        1.935000
        6.909000
       -0.229000
        0.841000
       -1.412000
        1.663000
        2.493000
        5.163000
        2.477000
        4.729000
        2.963000
       -0.804000
       -1.901000
       -1.945000
       -1.497000
       -2.413000
       -2.966000
       -4.299000
       -2.735000
       -4.164000
       -2.789000
       -1.365000
        2.094000
        0.949000
        6.920000
