      153.537500
      103.512500
      105.077778
       75.994444
      111.327778
       19.438889
       21.966667
       23.333333
       22.972222
       25.361111
       38.494444
      162.322222
       43.488889
       25.638889
       31.200000
       71.072222
        6.072222
        5.583333
        5.884211
        5.726316
      145.942105
      103.915789
       61.984211
       31.331579
       20.147368
       49.968421
       60.952632
      271.315789
      179.610526
      149.794737
      185.221053
      176.457895
      167.910000
       22.580000
       24.510000
       28.061905
      101.120000
       68.309524
       85.676190
        6.357143
       30.038095
      127.300000
       21.066667
       56.776190
      127.033333
       24.523810
       30.685714
        6.966667
      126.552381
      430.219048
      129.433333
      233.418182
       34.327273
        8.754545
       47.350000
       72.440909
       23.350000
      146.165217
       68.752174
       65.030435
       41.482609
       47.095652
        6.947826
       15.273913
       14.991304
       34.282609
       28.683333
      165.841667
       41.620833
        5.933333
       34.075000
       88.129167
      146.472000
      159.775000
       90.862500
      161.670833
      147.250000
      217.352000
      356.068000
      136.852000
      241.640000
       11.436000
       18.823077
      300.007692
      548.415385
      819.273077
        6.407692
      115.680769
       46.946154
      412.726923
      506.465385
      281.846154
      321.326923
      438.903846
        7.107692
       90.750000
      353.753846
      541.896296
       32.814286
        9.125926
       45.200000
       32.196429
       96.950000
      308.996429
      170.989286
      178.821429
      289.828571
      321.696429
      604.925000
      743.567857
      987.132143
      716.725000
      510.828571
      979.175862
      453.596552
       90.493103
       60.700000
       50.093103
      251.531034
      367.534483
      606.056667
      920.510000
     1222.056667
     1223.180000
      210.370588
      328.100000
      439.719355
      211.412500
        5.836957
      193.572973
      681.416667
      873.006667
      290.377273
      308.337500
      703.054839
      200.290909
      524.158065
      158.000000
      467.896667
      302.503030
      433.374194
      518.976923
      336.689744
      535.912903
      413.100000
      469.345714
      167.834375
      122.089474
       47.041860
       68.448837
       84.014634
       94.516667
      128.977143
      570.765625
      330.478788
      472.637500
      456.119444
      658.356250
      849.312500
     1034.340625
     1120.790625
     1204.959375
     1191.696875
     1333.512500
     1623.306250
     1506.481250
     1200.390625
      822.066667
     1144.187500
      779.237500
      876.131250
      593.946875
      300.671795
      596.360000
     1065.187500
     1122.071875
      632.556250
      630.693750
      660.863636
      444.543750
      926.034375
      983.765625
     1028.209375
     1035.671875
     1603.437500
     1044.200000
      293.656250
       87.755556
      456.171429
      851.387500
     1191.696875
     1338.678125
     1205.018750
     1056.481250
      911.987500
      846.696970
     1305.603125
     1410.315625
     1824.778125
     2211.450000
     1889.515625
     1734.942424
     1246.012500
     1302.928125
     1754.700000
     2210.070968
     1383.568750
     1726.311765
      798.538710
      478.513158
     1269.296774
      562.310526
      240.338889
      503.309677
       50.811765
      107.122727
       10.683333
       16.026829
      297.321053
      538.681818
      490.151351
      419.596774
       58.671053
       93.576744
       23.522222
       94.931250
      724.680000
      380.966667
      591.643333
      679.703226
      644.307143
      317.928571
      374.162069
      324.923333
      720.810714
      220.421429
      551.889655
      303.829730
       55.284615
       42.565116
       78.557143
      106.137500
      643.271429
      770.560714
      694.103571
      470.434375
      506.105263
      818.056250
      404.088889
      444.448276
      459.120588
      583.548148
      637.265385
      754.192308
      840.046154
      924.065385
     1016.988462
      373.346154
      196.674074
       15.455814
        5.275000
      143.747222
      488.672000
      623.860000
      690.928000
      280.525926
      351.600000
       36.190244
       16.141304
      198.437143
      169.971429
      386.296000
      411.866667
       27.304167
      182.746875
      165.312000
      114.813793
      224.792308
      373.008333
      182.708696
      415.304348
      458.595652
      459.960870
      174.713043
      370.760870
      254.286957
      107.204348
      192.220833
       34.608696
      307.930435
      258.250000
      339.586364
      344.486364
      150.018182
      497.718182
      203.271429
      560.109524
      381.757143
      832.776190
      531.171429
      398.980952
       61.161905
      320.838095
      110.076190
      271.528571
      338.766667
      202.828571
      292.785714
      247.565000
      360.270000
      440.430000
      253.900000
       37.465000
      225.165000
       71.557895
       73.678947
      170.394737
       15.131579
      317.978947
      518.263158
      373.636842
      228.757895
      198.536842
      106.736842
       27.857895
      194.584211
      205.515789
      351.536842
      794.021053
      410.984211
      283.589474
      213.436842
        7.089474
       21.852632
        6.436842
        5.473684
      153.916667
      104.572222
      227.305882
        8.472222
       51.317647
      235.564706
        5.694118
       11.723529
       44.258824
      190.570588
      142.911765
      367.658824
      250.647059
      425.552941
        6.005882
       73.276471
      140.738889
      169.494444
       75.116667
       67.694444
       58.494444
       11.061111
        6.850000
       11.727778
       29.027778
      149.372222
      341.510526
      235.294444
      212.733333
