  1809,    19,     9.01,
   1334,   1,   1,      0.4,      0.0122,      4.2111,      1.5163,     44.2307,    280.6867,  18090.5820,    369.3607,   1273.3468,    196.3825,      0.0479,      0.1598,      0.1567,      0.6355,    393.0181,    224.0816,   2398.4055,      0.0000,      3.5000,
   1425,   1,   1,      5.5,      0.0877,      4.1754,      1.0472,     36.7244,    161.6250,   7288.2334,    209.7173,    701.1032,    112.1855,      0.0473,      0.1621,      0.1581,      0.6325,    226.0975,    129.3167,   1379.7817,      0.0000,      3.5000,
   1550,   1,   1,     12.1,      0.1201,      3.7820,      0.7616,     31.3465,     99.9750,   3241.5415,    125.6833,    561.4883,     65.4370,      0.0508,      0.1727,      0.1677,      0.6088,    139.7445,     81.8661,    853.0048,      0.0000,      3.5000,
   1608,   1,   1,     26.9,      0.1749,      4.1314,      0.5765,     27.2776,     65.8318,   1616.7369,     84.3309,    274.9359,     45.4932,      0.0468,      0.1654,      0.1590,      0.6287,     91.8655,     52.5804,    560.6489,      0.0000,      3.5000,
   1650,   1,   1,     49.0,      0.1933,      3.8130,      0.4132,     23.0981,     39.9554,    703.3964,     49.5306,    201.2621,     26.2950,      0.0490,      0.1755,      0.1671,      0.6084,     55.6632,     32.4926,    339.7762,      0.0000,      3.5000,
   1686,   1,   1,    108.8,      0.2308,      3.6164,      0.2742,     18.8085,     21.6373,    255.2127,     25.9902,    114.7875,     13.7911,      0.0496,      0.1847,      0.1729,      0.5928,     30.0479,     17.7416,    183.4444,      0.0000,      3.5000,
   1721,   1,   1,     13.5,      0.0184,      3.4517,      0.2060,     16.3460,     14.0282,    122.5688,     16.3056,     72.6780,      8.7256,      0.0491,      0.1925,      0.1774,      0.5810,     19.4230,     11.5601,    118.5899,      0.0000,      3.5000,
   1728,   1,   1,    103.4,      0.0832,      3.3944,      0.1455,     13.7182,      8.3393,     51.6585,      9.4463,     40.9504,      5.1423,      0.0481,      0.2002,      0.1795,      0.5723,     11.4855,      6.8446,     70.1346,      0.0000,      3.5000,
   1748,   1,   1,     81.9,      0.0405,      1.9743,      0.1046,     11.6376,      5.0882,     22.7113,      4.3389,     25.2801,      2.3723,      0.0630,      0.2589,      0.2365,      0.4416,      7.0160,      4.5876,     42.8542,      0.0000,      3.5000,
   1761,   1,   1,     59.0,      0.0159,      3.2411,      0.0720,      9.6602,      2.8969,      8.8410,      0.3065,      2.3539,      1.7715,      0.0080,      0.2696,      0.1796,      0.5429,      3.5438,      2.0197,     21.2682,      0.0000,      3.5000,
   1767,   1,   1,     76.0,      0.0107,      3.3327,      0.0478,      7.8683,      1.5673,      3.1773,      0.0519,      0.7925,      0.9268,      0.0279,      0.2447,      0.1613,      0.5661,      1.6868,      0.9314,      9.9387,      0.0000,      3.5000,
   1775,   1,   1,     96.8,      0.0071,      3.6116,      0.0324,      6.4831,      0.8743,      1.2021,      0.0306,      0.4890,      0.5718,      0.0591,      0.2443,      0.1598,      0.5369,      1.0092,      0.5564,      6.0548,      0.0000,      3.5000,
   1781,   1,   1,     24.5,      0.0010,      2.0069,      0.0211,      5.2350,      0.4599,      0.4117,      0.3469,      1.8063,      0.2393,      0.0899,      0.3123,      0.2178,      0.3800,      0.5919,      0.3715,      3.6212,      0.0000,      3.5000,
   1781,   1,   1,    132.8,      0.0020,      1.7529,      0.0147,      4.3738,      0.2690,      0.1688,      0.1894,      3.1752,      0.1330,      0.0587,      0.3655,      0.2335,      0.3423,      0.3388,      0.2124,      2.0738,      0.0000,      3.5000,
   1788,   1,   1,    124.0,      0.0012,      0.8732,      0.0082,      3.2652,      0.1113,      0.0390,      0.0463,      2.1278,      0.0436,      0.0242,      0.5530,      0.2053,      0.2175,      0.1354,      0.0889,      0.0982,      0.0000,      3.5000,
   1788,   1,   2,   1182.4,      0.0111,      0.5790,      0.0079,      3.2061,      0.1054,      0.0356,      0.0014,      3.1397,      0.0407,      0.0000,      0.3921,      0.4579,      0.1500,      0.0836,      0.0411,      1.1418,      0.0000,      3.5000,
   1794,   1,   2,   3166.8,      0.0193,      0.5827,      0.0061,      2.8142,      0.0710,      0.0185,      0.0009,      2.0980,      0.0272,      0.0000,      0.3844,      0.4656,      0.1500,      0.0562,      0.0275,      0.8150,      0.0000,      3.5000,
   1798,   1,   2,   2693.5,      0.0113,      0.7362,      0.0050,      2.5673,      0.0533,      0.0113,      0.0020,      1.5145,      0.0249,      0.0000,      0.4025,      0.4475,      0.1500,      0.0431,      0.0182,      0.2427,      0.0000,      3.5000,
   1799,   1,   2,   5145.2,      0.0028,      3.2190,      0.0043,      2.3770,      0.0422,      0.0077,      0.0090,      1.7399,      0.0379,      0.0000,      0.5812,      0.2231,      0.1957,      0.0298,      0.0021,      0.0000,      0.0000,      3.5000,
