        0.724859
        0.728206
        0.731055
        0.733408
        0.735264
        0.736623
        0.737485
        0.737851
        0.737720
        0.737092
        0.735967
        0.734345
        0.732227
        0.729612
        0.726500
        0.722892
        0.718786
        0.714184
        0.709085
        0.703490
        0.697397
        0.690808
        0.683722
        0.676139
        0.668059
        0.659483
        0.650410
        0.640840
        0.630773
        0.620210
        0.609150
        0.592717
        0.572407
        0.553593
        0.536276
        0.520455
        0.506131
        0.493303
        0.481972
        0.472138
        0.463800
        0.456958
        0.451614
        0.447765
        0.445414
        0.444558
        0.445200
        0.447338
        0.450972
        0.456103
        0.462731
        0.470855
        0.480476
        0.491593
        0.504207
        0.518317
        0.533924
        0.551027
        0.569627
        0.608228
        0.623308
        0.637440
        0.650624
        0.662861
        0.674151
        0.684493
        0.693887
        0.702335
        0.709835
        0.716387
        0.721992
        0.726649
        0.730359
        0.733122
        0.734937
        0.735805
        0.735725
        0.734698
        0.732723
        0.729801
        0.725932
        0.721115
        0.715351
        0.708639
        0.700979
        0.692373
        0.682819
        0.672317
        0.660868
        0.648472
        0.637213
        0.628235
        0.619833
        0.612006
        0.604756
        0.598082
        0.591983
        0.586461
        0.581515
        0.577144
        0.573350
        0.570131
        0.567488
        0.565422
        0.563931
        0.563016
        0.562677
        0.562915
        0.563728
        0.565117
        0.567082
        0.569623
        0.572740
        0.576433
        0.580702
        0.585546
        0.590967
        0.596964
        0.603536
        0.610685
        0.619591
        0.629198
        0.637972
        0.645915
        0.653025
        0.659304
        0.664750
        0.669364
        0.673146
        0.676096
        0.678213
        0.679499
        0.679952
        0.679573
        0.678363
        0.676320
        0.673445
        0.669737
        0.665198
        0.659827
        0.653623
        0.646587
        0.638719
        0.630020
        0.620487
        0.610123
        0.598927
        0.586898
        0.574038
        0.560345
        0.545820
        0.528593
        0.510216
        0.493080
        0.477184
        0.462527
        0.449111
        0.436934
        0.425998
        0.416302
        0.407845
        0.400629
        0.394652
        0.389916
        0.386420
        0.384163
        0.383147
        0.383370
        0.384834
        0.387538
        0.391481
        0.396665
        0.403088
        0.410752
        0.419656
        0.429799
        0.441183
        0.453806
        0.467670
        0.482774
        0.499117
        0.513982
        0.525873
        0.537010
        0.547393
        0.557022
        0.565897
        0.574019
        0.581386
        0.588000
        0.593859
        0.598965
        0.603317
        0.606915
        0.609760
        0.611850
        0.613186
        0.613769
        0.613598
        0.612673
        0.610994
        0.608561
        0.605374
        0.601433
        0.596739
        0.591290
        0.585088
        0.578132
        0.570422
        0.561958
        0.552740
        0.542769
        0.534538
        0.528837
        0.523431
        0.518323
        0.513510
        0.508994
        0.504774
        0.500851
        0.497224
        0.493893
        0.490859
        0.488121
        0.485680
        0.483534
        0.481686
        0.480133
        0.478877
        0.477917
        0.477254
        0.476887
        0.476816
        0.477042
        0.477564
        0.478383
        0.479497
        0.480908
        0.482616
        0.484620
        0.486920
        0.489517
        0.492410
        0.495521
        0.498401
        0.500976
        0.503246
        0.505211
        0.506871
        0.508226
        0.509277
        0.510022
        0.510462
        0.510598
        0.510429
        0.509954
        0.509175
        0.508091
        0.506702
        0.505008
        0.503009
        0.500705
        0.498096
        0.495183
        0.491964
        0.488441
        0.484612
        0.480479
        0.476041
        0.471297
        0.466249
        0.460896
        0.455238
        0.445868
        0.433768
        0.422672
        0.412580
        0.403493
        0.395409
        0.388329
        0.382253
        0.377182
        0.373114
        0.370051
        0.367992
        0.366936
        0.366885
        0.367838
        0.369795
        0.372756
        0.376721
        0.381690
        0.387664
        0.394641
        0.402623
        0.411608
        0.421598
        0.432591
        0.444589
        0.457591
        0.471597
        0.486607
        0.502621
        0.519639
        0.538107
        0.556426
        0.573616
        0.589679
        0.604613
        0.618419
        0.631097
        0.642647
        0.653068
        0.662361
        0.670526
        0.677563
        0.683472
        0.688252
        0.691904
        0.694428
        0.695824
        0.696092
        0.695231
        0.693243
        0.690126
        0.685880
        0.680507
        0.674006
        0.666376
        0.657618
        0.647732
        0.636718
        0.624575
        0.611304
        0.605470
        0.607519
        0.609035
        0.610020
        0.610472
        0.610392
        0.609779
        0.608634
        0.606957
        0.604748
        0.602006
        0.598732
        0.594926
        0.590587
        0.585717
        0.580314
        0.574378
        0.567910
        0.560911
        0.553378
        0.545314
        0.536717
        0.527588
        0.517927
        0.507733
        0.497007
        0.485749
        0.473958
        0.461636
        0.448781
        0.435393
