        3.070203
        1.899863
       11.090028
        7.814662
        0.386177
        3.491103
        1.456403
        1.134912
        4.703568
        6.953475
        3.325422
        5.859454
        8.709514
       15.602005
       15.977606
       15.886306
       15.286330
       15.373753
        1.534132
        4.482190
        1.142139
        7.182785
        3.379533
        8.006958
        4.714672
        2.648246
        1.917842
        3.623647
        1.628782
        2.622161
        2.640139
       11.232442
        7.350404
       16.516245
       17.946562
       21.123753
       22.420821
       16.126366
       10.097177
       16.699903
       16.560309
       11.055481
       20.003117
        9.839491
       10.765188
        1.118344
       10.729760
       13.130543
       22.156613
        6.814762
       24.989928
       28.392198
       27.978172
        9.516766
       27.381722
        6.656308
       11.361991
       29.384872
       26.096287
       25.251140
       29.733153
       28.164122
       19.368948
       12.764107
       23.110158
       29.189227
       13.026023
       34.884411
       33.393991
        9.516238
       29.058269
       35.843773
       36.118203
       37.385836
       37.100478
       28.501300
       16.434814
        4.667083
       35.750886
       38.069533
       39.589565
       38.680613
       34.754158
       38.895822
       41.673792
       41.751521
       42.162198
       37.893806
       23.769003
       42.361367
       44.237788
       44.070698
       20.286889
       11.915434
        3.333001
       12.053619
       16.762651
       14.995155
       16.752604
       38.974079
       11.032216
       17.846625
       25.634320
       13.539457
        1.905151
        5.178401
       36.052460
       22.469291
       27.403225
       21.654283
       34.673785
       26.410023
       31.606578
       20.755907
       33.327895
       53.169209
       43.309801
       50.008234
       35.521224
       30.445580
       27.921594
       41.145729
       54.704222
       56.117443
       26.404206
       30.813250
       40.722010
       40.365973
       19.573758
       52.514770
       54.817202
        7.028913
       53.864891
       62.065554
       45.100738
       28.493192
       60.000186
       28.746296
       33.979513
       40.935809
       34.841934
       48.086867
       17.710379
       37.910551
       61.598476
       62.209908
       44.139966
       54.214936
       53.952490
       56.406679
       49.178949
       35.769216
       59.387873
        6.146399
       20.904314
       37.250824
       19.478932
       43.570131
       20.722947
       40.583120
       31.074638
       39.364134
        6.798018
       25.279693
       57.450114
       57.741642
       61.631083
       53.392701
       52.729274
       43.902550
       25.231046
       48.852170
       61.308358
       63.004470
       44.770082
       28.073351
       34.922483
       53.927638
       46.184536
       55.218185
       52.520939
        8.017180
       11.286905
       22.677802
       25.768098
       44.640886
       10.247700
       56.789507
       43.777584
       53.729350
       40.779646
       41.141499
       32.881262
       36.976746
       47.018756
       25.863629
       51.770441
       53.989680
       51.403476
       52.133705
       23.576179
       25.632029
       56.017329
       59.922986
       56.445631
       48.698652
       56.593334
       54.139498
       24.146896
       17.123975
       48.017775
       49.358025
       55.781499
       20.735990
       42.355374
       37.335780
       33.854371
       21.826486
       24.772252
       38.187801
       45.185693
       46.370839
       53.816597
       50.378900
       39.770051
       42.333519
       49.753896
       31.550177
       52.671462
       51.921316
       49.939670
       46.708721
       42.016963
       37.781179
       37.054828
       12.931726
       37.750686
       39.217313
       48.696536
       35.949526
       41.165118
        7.274085
        7.339829
        3.341285
       20.763309
       15.802408
       18.660928
       21.504290
       31.465750
       46.202514
       44.916727
       42.328231
       39.486632
       25.807051
        8.235562
       23.324133
       38.480915
       28.107721
       37.780121
       34.202477
       30.326079
       13.150108
       40.023684
       37.582009
        2.613524
       25.959512
       13.135831
       27.373967
       28.291732
       34.686652
       36.838562
        4.755387
        9.822218
       13.441811
       30.872472
       24.906912
        5.744888
       20.794683
       25.000504
        5.004437
        9.170600
        5.137510
        7.125325
       12.842012
        3.087476
       23.196523
       10.663135
        6.026898
       23.143823
       18.493308
       22.031647
       26.667180
       25.266826
       24.277854
       21.982648
        4.339423
        3.695912
        4.992980
        2.559766
        3.140882
        0.219791
        2.052854
        5.003555
        9.380521
       17.394881
       10.636873
        6.974802
        7.330311
       17.178615
        2.996176
        3.732573
       11.260643
       16.753309
        3.917290
        2.835783
        3.199046
        3.652729
        9.005095
        7.641931
        9.893778
        4.998620
        9.525403
        6.420301
        4.601692
        8.472273
        6.891786
       11.023579
       10.527771
        5.137334
        2.311774
        3.160270
        0.427950
        1.696817
        5.791420
        3.688157
        2.575100
        6.586687
        4.755563
        2.779557
        5.827023
        2.253609
        5.948816
        5.110719
        3.335116
        7.927995
       13.443221
        5.282745
        9.116665
        2.439383
        4.300294
        2.893947
        1.767495
        6.444448
        2.246383
        4.811789
        3.519480
        2.803352
        9.744842
        9.680508
        3.109156
        1.219868
        4.491532
       12.853645
       12.965391
       11.184501
