        1.830000
        7.969000
        0.601000
       11.113000
       24.223000
       14.001000
        7.382000
        9.559000
        2.638000
        1.528000
        0.001000
        0.000000
        1.827000
        0.215000
        0.000000
        0.000000
        0.000000
        0.000000
        8.866000
       22.259000
       14.138000
        6.811000
        4.057000
        7.632000
        0.065000
        0.210000
        7.900000
        8.217000
        1.137000
        1.724000
        2.096000
        0.473000
        1.779000
        0.144000
        0.020000
        0.000000
        0.000000
        0.170000
        0.022000
        0.596000
        0.216000
        0.130000
        0.000000
        0.530000
        1.133000
       13.968000
        2.953000
        0.096000
        0.000000
        8.144000
        0.484000
        0.000000
        0.000000
        0.215000
        0.102000
        0.786000
        3.561000
        0.130000
        0.000000
        0.000000
        0.000000
        0.054000
        0.110000
        4.905000
        0.008000
        0.296000
        6.452000
        0.168000
        0.000000
        0.577000
        0.082000
        0.000000
        0.000000
        0.000000
        0.000000
        0.000000
       10.548000
        7.246000
        0.064000
        0.000000
        0.000000
        0.000000
        0.000000
        0.000000
        0.000000
        0.000000
        0.000000
        0.000000
        1.170000
        0.575000
        0.576000
        0.037000
        3.998000
        8.836000
       18.114000
        1.166000
        6.459000
        4.398000
        0.206000
        0.550000
        8.900000
        4.573000
        0.899000
        2.713000
        8.251000
        2.975000
        0.055000
        0.979000
        4.752000
        3.688000
        7.535000
        3.797000
        3.089000
        7.104000
        0.326000
        0.000000
        0.000000
        0.000000
        1.175000
        0.392000
        8.174000
        5.451000
        0.019000
        0.857000
       13.771000
        7.771000
        1.170000
        2.638000
        2.935000
        0.001000
        0.000000
       13.367000
        0.201000
        0.000000
        6.332000
        7.130000
        0.070000
        6.473000
        0.697000
        0.000000
       26.027000
        2.183000
        5.787000
        0.150000
        0.000000
        0.000000
        0.000000
        0.000000
        0.603000
        0.130000
        3.773000
        2.847000
        0.000000
       12.200000
        8.133000
        3.060000
        3.230000
        5.530000
       13.767000
        1.977000
        4.532000
       13.410000
       21.982000
        8.034000
        0.146000
        0.000000
        0.131000
        0.693000
        0.291000
       13.774000
       25.746000
        1.978000
        1.704000
        0.000000
        0.053000
       12.985000
        1.285000
        0.168000
        0.473000
        3.650000
        7.422000
       13.184000
       14.115000
        9.671000
        6.660000
       15.428000
       16.960000
        6.386000
        6.134000
        0.104000
        2.841000
        5.345000
        0.960000
        2.578000
        0.854000
        8.895000
        1.219000
        0.000000
        0.000000
        0.360000
        3.796000
        3.629000
        0.484000
        0.000000
        0.000000
        1.640000
        0.000000
        0.000000
       14.452000
        8.852000
        0.014000
        0.000000
        0.000000
        9.289000
        7.729000
        1.016000
       14.626000
        9.773000
        0.088000
        0.000000
        0.000000
        0.157000
        0.000000
        0.000000
        1.390000
        0.000000
        1.145000
       14.213000
        0.000000
        0.000000
        0.000000
        0.000000
        0.000000
       10.532000
        7.271000
       10.600000
       23.191000
        2.725000
        0.000000
        0.000000
        0.330000
       15.080000
       12.081000
        5.750000
        0.215000
        0.187000
        0.486000
        0.461000
        0.861000
        0.000000
        0.000000
        0.000000
        0.761000
        6.209000
       17.089000
        2.501000
        0.000000
        0.475000
        0.000000
        0.000000
        6.435000
       10.859000
        0.004000
        3.486000
       18.122000
        0.012000
        4.019000
        0.000000
       12.900000
        6.753000
        0.008000
        8.653000
        0.790000
        0.258000
        0.116000
        0.217000
        4.355000
        0.017000
        0.200000
       11.983000
        4.159000
       24.500000
        6.913000
        0.174000
        8.866000
        0.144000
        0.228000
        9.645000
        0.000000
        0.000000
        0.000000
        0.000000
        0.000000
        0.000000
        0.000000
        0.000000
        0.000000
        0.000000
        2.315000
       27.146000
        4.767000
        0.329000
        0.840000
        0.701000
        3.646000
        4.949000
        2.331000
       15.634000
        7.353000
        5.376000
        0.001000
        0.000000
        0.000000
        5.918000
       16.788000
        1.213000
        0.122000
        0.000000
        0.000000
        0.000000
        0.000000
        0.000000
        0.000000
        0.000000
        0.191000
        1.403000
        0.000000
        0.000000
        0.222000
        2.377000
        4.792000
       14.586000
       17.742000
        1.075000
        0.089000
        3.290000
        5.283000
       12.589000
        6.095000
        7.182000
        6.072000
        0.433000
        2.599000
       13.336000
        5.275000
        0.246000
        1.318000
        1.986000
        5.928000
        3.969000
        7.300000
        7.678000
        0.807000
        5.545000
        3.059000
       11.678000
        6.907000
        0.000000
        1.996000
        2.879000
       14.797000
        8.016000
        0.000000
        0.689000
        0.003000
