        5.997000
        4.313000
        1.599000
        1.412000
        0.032000
       -1.363000
       -1.664000
        0.755000
        0.593000
        2.656000
       -1.012000
       -2.107000
       -0.418000
       -0.921000
       -2.958000
       -3.711000
       -1.999000
       -0.624000
        2.851000
        0.080000
        1.946000
        2.745000
        2.349000
        0.016000
       -0.965000
       -1.360000
        1.077000
       -1.250000
       -3.625000
       -3.863000
       -4.567000
       -9.051000
      -12.256000
      -13.241000
      -12.689000
      -13.544000
      -13.615000
      -13.835000
      -11.864000
       -9.653000
      -10.561000
      -12.777000
      -12.424000
      -10.587000
       -5.671000
       -2.360000
       -1.137000
       -1.785000
        0.405000
       -0.779000
       -1.689000
       -2.309000
       -0.069000
        0.497000
        6.614000
        3.274000
        2.019000
        3.105000
        4.995000
        7.260000
       11.552000
        9.260000
        5.150000
        0.097000
        1.135000
        2.326000
        0.841000
        2.173000
        4.048000
        3.778000
        7.457000
        8.451000
        7.649000
       11.225000
       12.675000
       11.266000
        4.576000
        1.426000
        5.575000
        8.487000
       10.847000
       11.829000
       11.727000
       11.219000
       11.634000
       11.042000
       12.799000
       12.439000
        8.742000
       10.297000
        5.101000
        8.967000
       10.640000
        6.589000
        5.182000
        6.244000
        5.766000
       -0.961000
        2.494000
       11.123000
        2.133000
        3.170000
        5.164000
        4.938000
        3.358000
        1.639000
        4.033000
        4.069000
        5.258000
        4.205000
        7.184000
        2.902000
        5.151000
        3.996000
        8.024000
       15.452000
       16.178000
       22.230000
       17.681000
       14.252000
       11.020000
       10.464000
       12.501000
       14.739000
        9.201000
        8.013000
       10.043000
       12.563000
       12.092000
       19.056000
       21.834000
        7.780000
        7.763000
        9.293000
        7.669000
        3.768000
        7.808000
       11.060000
       15.077000
       16.767000
       12.469000
       12.628000
       12.533000
       16.890000
       16.372000
       15.783000
       14.566000
       16.545000
       17.951000
       18.523000
       16.025000
       13.953000
       18.173000
       13.386000
       10.618000
        9.355000
       12.296000
       17.094000
       11.926000
       12.595000
       10.919000
       11.637000
        8.247000
        9.109000
       13.575000
       18.480000
       21.570000
       18.039000
       21.485000
       20.027000
       16.726000
       18.557000
       14.234000
       16.775000
       16.468000
       13.497000
       14.889000
       19.113000
       22.035000
       24.284000
       23.118000
       13.910000
       13.752000
       14.574000
       17.050000
       18.450000
       14.088000
       17.759000
       16.444000
       17.855000
       17.269000
       13.865000
       12.267000
       14.233000
       15.425000
       10.569000
       12.957000
       15.567000
       18.969000
       17.178000
       13.802000
       12.068000
       13.012000
       15.136000
       19.336000
       21.540000
       23.634000
       25.341000
       18.176000
       14.097000
       16.044000
       20.327000
       21.095000
       17.814000
       17.726000
       15.598000
       15.760000
       17.240000
       17.187000
       17.250000
       16.519000
       14.814000
       13.975000
       15.690000
       17.692000
       19.738000
       15.625000
       16.081000
       20.786000
       22.616000
       25.345000
       25.510000
       23.405000
       21.813000
       19.958000
       16.622000
       17.446000
       13.500000
       16.024000
       18.066000
       19.871000
       13.370000
        8.830000
        8.712000
       12.687000
       14.247000
       16.713000
       16.530000
       14.522000
       16.099000
       17.355000
       19.542000
       20.524000
       17.269000
        7.537000
        8.514000
       10.432000
       12.361000
       13.160000
       15.782000
       15.682000
        8.489000
        9.861000
       13.212000
       11.588000
       12.544000
       13.111000
       12.943000
       11.966000
       10.099000
       12.454000
        8.465000
        8.612000
       10.538000
       12.189000
       11.703000
       11.371000
       12.566000
       15.112000
       11.028000
        7.802000
       11.961000
       10.262000
       10.273000
        9.470000
        8.178000
        7.571000
        2.711000
        4.543000
       10.613000
       13.395000
       14.868000
       15.592000
       15.284000
       12.552000
        4.955000
        4.514000
        5.493000
        4.809000
       -0.700000
       -3.230000
       -1.949000
        1.407000
        4.534000
        5.466000
        2.978000
        2.650000
        4.773000
        6.564000
        5.784000
        5.284000
        5.306000
        7.348000
        8.095000
        6.387000
        4.334000
        2.861000
        3.787000
        1.857000
        0.945000
        2.204000
        2.629000
        0.752000
       -0.471000
       -0.517000
        4.732000
        5.004000
        8.071000
        7.629000
        7.306000
        2.046000
        1.541000
       -1.597000
       -1.932000
       -5.384000
       -4.256000
       -4.446000
        0.660000
       -1.714000
       -3.857000
       -5.634000
       -4.587000
       -6.138000
       -2.083000
       -5.384000
       -6.090000
       -6.800000
       -0.690000
        2.679000
        2.840000
        1.765000
       -0.499000
        1.030000
       -2.866000
        2.103000
        0.771000
        7.493000
        8.514000
        8.569000
        3.682000
        3.056000
        1.955000
        4.145000
        4.281000
        2.232000
