        1.100000
       43.833333
      129.773684
       91.388889
        4.272222
        4.905556
       33.016667
       12.752632
       10.831579
       58.552632
        4.108696
        4.333333
        7.505556
      197.938889
      105.033333
      143.744444
      159.389474
      194.327778
      124.450000
       35.242105
        3.331579
      109.115789
       65.521053
       56.285000
        5.450000
        4.350000
        4.168421
        3.894737
        4.668421
        5.205263
        5.242105
       35.245000
       31.370000
       84.810000
      106.105000
       62.995000
       62.005000
       52.018182
       46.526087
       67.519048
       58.880952
       53.809091
       73.061905
       69.668182
       20.527273
        4.823810
        4.204762
        4.659091
       52.750000
        5.528571
      170.281818
      149.545455
      230.290909
      221.350000
      358.722727
        5.095455
      204.040909
      265.541667
      375.556522
      238.421739
      705.682609
      552.726087
      174.413043
      208.104167
      276.078261
      245.250000
      115.441667
      286.954167
      445.170833
      208.525000
      375.895833
      425.708333
      375.795833
      779.420833
      969.316667
      781.362500
      164.153846
        1.511538
      260.938462
      439.653846
      646.196154
      700.484615
      637.123077
      648.434615
      873.530769
      864.692308
      887.015385
      869.223077
      433.007692
      550.561538
      478.188889
      690.996154
      429.353846
       41.261538
        0.542308
       86.048148
      228.500000
       97.957143
      218.442857
      694.978571
       13.367857
       38.292857
      236.764286
      191.273333
       23.821429
        2.942857
      337.413793
      169.921429
      234.948276
      158.120690
      383.431034
       96.903448
      216.748276
      147.700000
      430.210345
     1079.886207
     1003.924138
     2056.606897
     1125.268966
      761.636667
      446.036667
      345.146875
      617.380645
      915.083333
      151.345714
      114.437500
      347.175000
      497.689189
      125.690000
      994.980645
     1484.454839
       34.961290
      497.416129
      698.393548
      362.647222
      190.080556
      521.600000
      448.646875
      631.396774
      926.416129
      228.375676
      245.206522
       30.112500
      456.918750
      949.325000
     1060.665625
      894.712500
     1024.868750
     1133.703125
     1083.190625
      662.268750
      441.087879
      916.142424
       54.950000
      154.215000
      297.081081
      206.087879
      471.120000
       91.555000
      446.096875
      279.306250
      214.082353
       15.214286
       64.563415
      561.548485
      911.848485
     1319.330303
      699.478788
     1046.866667
      677.590909
      243.128125
      634.172727
      589.984848
      928.654545
      686.542424
      195.888235
      441.718182
      719.778788
     1134.381250
     1340.503125
      974.160606
       31.145946
       31.751282
       88.273171
      317.354545
      602.200000
      209.216667
      587.178947
      455.951515
      807.234375
      599.839394
      352.876316
      364.690625
      397.617949
      582.211429
      152.159375
      561.931250
      618.571875
      865.371875
      677.625000
      303.662791
      153.750000
      550.243750
      731.653125
      908.815625
     1024.643750
     1470.553125
     1810.290625
      499.258065
      203.725806
      611.061290
     1007.319355
     1153.093333
      717.152941
      750.864706
      537.848571
      576.738710
      781.791111
      706.669697
      684.768750
      629.727586
      562.100000
      485.706667
      222.850000
      604.683333
      889.443333
      274.230000
      428.755263
     1043.451724
     1167.767857
     1511.175000
     1505.257143
     1060.785714
      921.524138
      516.933333
      187.480488
      314.500000
      498.792857
      833.982143
      853.510714
      912.371429
       36.902703
        7.374468
        2.020833
       91.823077
      231.938636
      272.481081
      412.640741
      291.324242
      503.274074
      744.319231
      945.015385
     1160.311538
      605.288462
       41.897872
      191.151351
      438.880769
      399.788462
      365.950000
      508.492308
      426.281481
       63.535135
      461.680000
      544.696000
       33.167568
      124.756000
      162.016000
      436.648000
      272.328000
      305.278125
      535.708000
       89.953846
       58.215152
      118.544737
      500.070833
      281.882609
      159.284000
      227.952174
      603.886957
        9.356522
       16.960000
        2.958333
        3.511111
        4.000000
        1.736667
      239.365217
      272.369565
       40.355172
      200.621739
      476.890909
      615.704545
      581.290909
      684.313636
      574.868182
      240.633333
        2.466667
        1.293750
        0.097561
        0.000000
        0.000000
        0.873913
        0.661905
        1.347619
      163.540909
      208.838095
      147.904545
      132.957143
      137.305000
      229.205000
       60.195000
       50.518519
      108.141667
      328.405000
      113.800000
       22.726316
        0.768421
        0.926316
       66.957895
        1.815789
        1.300000
        0.184211
        0.489474
        2.357895
        1.357895
        1.631579
       15.668421
      108.557895
      382.410526
      135.263158
       56.084211
        4.247368
        1.378947
        2.173684
        3.715789
       10.315789
        4.222222
       30.005556
       32.729412
        3.350000
        4.241176
        4.770588
        4.683333
        4.947059
        3.800000
        4.947059
        5.770588
        9.300000
        5.238889
        6.147059
        4.911765
        2.788235
        2.077778
       15.561111
        4.783333
        2.888889
        2.227778
      107.550000
      502.294444
      378.872222
      130.983333
       16.961111
       84.283333
      266.627778
      225.794444
      210.638889
