        0.371971
        0.375565
        0.379517
        0.383797
        0.388376
        0.393225
        0.398313
        0.403612
        0.409092
        0.414723
        0.420475
        0.426320
        0.432227
        0.438168
        0.444112
        0.450030
        0.455892
        0.461669
        0.467332
        0.472850
        0.478195
        0.483336
        0.488245
        0.492897
        0.497291
        0.501434
        0.505330
        0.508984
        0.512402
        0.515589
        0.518549
        0.521289
        0.523813
        0.526126
        0.528234
        0.530142
        0.531855
        0.533379
        0.534717
        0.535877
        0.536862
        0.537678
        0.538330
        0.538824
        0.539165
        0.539357
        0.539406
        0.539317
        0.539095
        0.538746
        0.538275
        0.537686
        0.536985
        0.536174
        0.535258
        0.534242
        0.533129
        0.531923
        0.530629
        0.529250
        0.527791
        0.526256
        0.524648
        0.522972
        0.521232
        0.519432
        0.517576
        0.515668
        0.513713
        0.511714
        0.509675
        0.507600
        0.505494
        0.503361
        0.501205
        0.499029
        0.496838
        0.494636
        0.492427
        0.490219
        0.488037
        0.485909
        0.483862
        0.481926
        0.480129
        0.478498
        0.477064
        0.475852
        0.474893
        0.474215
        0.473845
        0.473812
        0.474145
        0.474871
        0.476019
        0.477618
        0.479695
        0.482280
        0.485400
        0.489083
        0.493359
        0.498255
        0.503800
        0.510021
        0.516949
        0.524609
        0.533032
        0.542230
        0.552158
        0.562753
        0.573956
        0.585705
        0.597938
        0.610596
        0.623616
        0.636937
        0.650499
        0.664241
        0.678100
        0.692017
        0.705930
        0.719778
        0.733500
        0.747035
        0.760321
        0.773298
        0.785905
        0.798080
        0.809762
        0.820890
        0.831404
        0.841242
        0.850342
        0.858645
        0.866088
        0.872627
        0.878284
        0.883097
        0.887104
        0.890343
        0.892852
        0.894669
        0.895833
        0.896381
        0.896352
        0.895783
        0.894713
        0.893180
        0.891222
        0.888877
        0.886183
        0.883178
        0.879901
        0.876389
        0.872681
        0.868815
        0.864828
        0.860759
        0.856646
        0.852527
        0.848440
        0.844424
        0.840516
        0.836749
        0.833134
        0.829675
        0.826379
        0.823251
        0.820295
        0.817518
        0.814924
        0.812518
        0.810307
        0.808295
        0.806487
        0.804889
        0.803506
        0.802343
        0.801406
        0.800700
        0.800230
        0.800001
        0.800019
        0.800289
        0.800816
        0.801605
        0.802663
        0.803993
        0.805602
        0.807494
        0.809675
        0.812145
        0.814887
        0.817877
        0.821091
        0.824508
        0.828103
        0.831855
        0.835739
        0.839733
        0.843814
        0.847959
        0.852144
        0.856348
        0.860545
        0.864715
        0.868833
        0.872876
        0.876822
        0.880648
        0.884330
        0.887845
        0.891171
        0.894284
        0.897161
        0.899780
        0.902117
        0.904149
        0.905853
        0.907213
        0.908242
        0.908957
        0.909380
        0.909528
        0.909422
        0.909079
        0.908520
        0.907763
        0.906828
        0.905733
        0.904498
        0.903143
        0.901686
        0.900146
        0.898543
        0.896895
        0.895222
        0.893544
        0.891879
        0.890246
        0.888665
        0.887154
        0.885734
        0.884422
        0.883239
        0.882203
        0.881334
        0.880643
        0.880114
        0.879722
        0.879445
        0.879257
        0.879135
        0.879055
        0.878993
        0.878925
        0.878826
        0.878673
        0.878443
        0.878110
        0.877651
        0.877042
        0.876258
        0.875277
        0.874074
        0.872625
        0.870905
        0.868892
        0.866561
        0.863888
        0.860848
        0.857419
        0.853576
        0.849295
        0.844552
        0.839333
        0.833658
        0.827560
        0.821069
        0.814216
        0.807033
        0.799550
        0.791799
        0.783810
        0.775615
        0.767244
        0.758730
        0.750102
        0.741391
        0.732630
        0.723849
        0.715079
        0.706350
        0.697695
        0.689145
        0.680729
        0.672480
        0.664428
        0.656604
        0.649040
        0.641766
        0.634814
        0.628215
        0.621989
        0.616116
        0.610564
        0.605303
        0.600302
        0.595529
        0.590954
        0.586546
        0.582273
        0.578105
        0.574010
        0.569958
        0.565918
        0.561858
        0.557748
        0.553556
        0.549252
        0.544805
        0.540183
        0.535355
        0.530291
        0.524960
        0.519330
        0.513371
        0.507051
        0.500340
        0.493206
        0.485618
        0.477559
        0.469065
        0.460184
        0.450966
        0.441459
        0.431713
        0.421775
        0.411697
        0.401525
        0.391310
        0.381100
        0.370945
        0.360892
        0.350992
        0.341294
        0.331845
        0.322696
        0.313895
        0.305491
        0.297533
        0.290071
        0.283153
        0.276828
        0.271145
        0.266153
        0.261901
        0.258438
        0.255814
        0.254076
        0.253275
        0.253458
        0.254676
        0.256957
        0.260252
        0.264494
