        0.412639
        0.414591
        0.416544
        0.418477
        0.420368
        0.422196
        0.423939
        0.425576
        0.427084
        0.428441
        0.429628
        0.430621
        0.431399
        0.431940
        0.432223
        0.432226
        0.431927
        0.431306
        0.430339
        0.429005
        0.427284
        0.425152
        0.422589
        0.419583
        0.416167
        0.412384
        0.408276
        0.403887
        0.399260
        0.394437
        0.389461
        0.384376
        0.379225
        0.374049
        0.368893
        0.363799
        0.358811
        0.353970
        0.349321
        0.344906
        0.340768
        0.336950
        0.333495
        0.330445
        0.327845
        0.325737
        0.324163
        0.323167
        0.322792
        0.323081
        0.324076
        0.325806
        0.328237
        0.331322
        0.335012
        0.339260
        0.344018
        0.349237
        0.354870
        0.360868
        0.367184
        0.373769
        0.380576
        0.387556
        0.394662
        0.401845
        0.409058
        0.416252
        0.423379
        0.430392
        0.437243
        0.443883
        0.450264
        0.456339
        0.462059
        0.467377
        0.472244
        0.476612
        0.480434
        0.483677
        0.486373
        0.488568
        0.490310
        0.491646
        0.492623
        0.493288
        0.493689
        0.493873
        0.493886
        0.493776
        0.493591
        0.493376
        0.493180
        0.493050
        0.493032
        0.493174
        0.493523
        0.494126
        0.495031
        0.496284
        0.497932
        0.500024
        0.502605
        0.505724
        0.509427
        0.513761
        0.518774
        0.524497
        0.530902
        0.537943
        0.545577
        0.553758
        0.562443
        0.571587
        0.581144
        0.591072
        0.601325
        0.611859
        0.622629
        0.633591
        0.644701
        0.655913
        0.667184
        0.678468
        0.689723
        0.700902
        0.711961
        0.722857
        0.733543
        0.743977
        0.754114
        0.763908
        0.773316
        0.782293
        0.790794
        0.798784
        0.806256
        0.813212
        0.819656
        0.825590
        0.831016
        0.835937
        0.840355
        0.844272
        0.847691
        0.850615
        0.853045
        0.854985
        0.856436
        0.857402
        0.857884
        0.857885
        0.857407
        0.856453
        0.855026
        0.853127
        0.850759
        0.847925
        0.844627
        0.840867
        0.836648
        0.831973
        0.826843
        0.821270
        0.815303
        0.808996
        0.802407
        0.795593
        0.788609
        0.781513
        0.774361
        0.767209
        0.760115
        0.753134
        0.746323
        0.739739
        0.733439
        0.727478
        0.721913
        0.716802
        0.712200
        0.708163
        0.704750
        0.702015
        0.700017
        0.698810
        0.698452
        0.699000
        0.700509
        0.703036
        0.706639
        0.711349
        0.717100
        0.723804
        0.731372
        0.739712
        0.748737
        0.758356
        0.768480
        0.779020
        0.789886
        0.800989
        0.812238
        0.823546
        0.834821
        0.845975
        0.856918
        0.867561
        0.877814
        0.887588
        0.896793
        0.905339
        0.913138
        0.920100
        0.926134
        0.931153
        0.935066
        0.937783
        0.939216
        0.939305
        0.938113
        0.935732
        0.932256
        0.927778
        0.922390
        0.916185
        0.909256
        0.901697
        0.893599
        0.885056
        0.876162
        0.867008
        0.857688
        0.848294
        0.838920
        0.829659
        0.820602
        0.811844
        0.803478
        0.795595
        0.788290
        0.781654
        0.775781
        0.770764
        0.766696
        0.763669
        0.761777
        0.761083
        0.761532
        0.763039
        0.765519
        0.768889
        0.773064
        0.777959
        0.783490
        0.789571
        0.796119
        0.803050
        0.810277
        0.817718
        0.825287
        0.832899
        0.840471
        0.847918
        0.855155
        0.862097
        0.868660
        0.874760
        0.880313
        0.885232
        0.889434
        0.892835
        0.895350
        0.896893
        0.897382
        0.896754
        0.895040
        0.892296
        0.888575
        0.883933
        0.878424
        0.872101
        0.865021
        0.857237
        0.848803
        0.839776
        0.830208
        0.820154
        0.809669
        0.798808
        0.787625
        0.776174
        0.764510
        0.752688
        0.740762
        0.728786
        0.716816
        0.704905
        0.693108
        0.681480
        0.670075
        0.658948
        0.648153
        0.637733
        0.627689
        0.618006
        0.608675
        0.599681
        0.591014
        0.582661
        0.574610
        0.566849
        0.559365
        0.552148
        0.545184
        0.538462
        0.531969
        0.525693
        0.519623
        0.513746
        0.508050
        0.502523
        0.497153
        0.491927
        0.486834
        0.481862
        0.476998
        0.472231
        0.467548
        0.462937
        0.458386
        0.453887
        0.449444
        0.445065
        0.440759
        0.436535
        0.432399
        0.428361
        0.424429
        0.420611
        0.416916
        0.413351
        0.409925
        0.406647
        0.403523
        0.400564
        0.397776
        0.395169
        0.392751
        0.390529
        0.388512
        0.386708
        0.385127
        0.383775
        0.382661
        0.381793
        0.381181
        0.380831
        0.380752
        0.380953
        0.381442
        0.382227
        0.383316
        0.384712
        0.386395
