        0.463329
        0.441239
        0.420817
        0.402064
        0.384979
        0.369563
        0.355816
        0.343738
        0.333328
        0.324587
        0.317515
        0.312111
        0.308376
        0.306310
        0.305912
        0.307183
        0.310123
        0.314731
        0.321008
        0.328954
        0.338569
        0.349852
        0.362804
        0.377424
        0.393713
        0.411671
        0.431297
        0.452593
        0.475557
        0.500189
        0.526490
        0.560262
        0.598045
        0.632882
        0.664774
        0.693721
        0.719722
        0.742779
        0.762890
        0.780056
        0.794277
        0.805553
        0.813884
        0.819269
        0.821709
        0.821204
        0.817754
        0.811359
        0.802018
        0.789732
        0.774501
        0.756325
        0.735204
        0.711138
        0.684126
        0.654169
        0.621267
        0.585420
        0.546627
        0.469256
        0.442912
        0.417870
        0.394131
        0.371694
        0.350560
        0.330728
        0.312198
        0.294971
        0.279046
        0.264424
        0.251104
        0.239086
        0.228371
        0.218959
        0.210849
        0.204041
        0.198536
        0.194333
        0.191432
        0.189834
        0.189538
        0.190545
        0.192855
        0.196466
        0.201380
        0.207597
        0.215116
        0.223937
        0.234061
        0.245487
        0.249333
        0.244926
        0.240921
        0.237320
        0.234121
        0.231326
        0.228934
        0.226946
        0.225360
        0.224178
        0.223398
        0.223022
        0.223050
        0.223480
        0.224313
        0.225550
        0.227190
        0.229233
        0.231679
        0.234528
        0.237780
        0.241436
        0.245495
        0.249957
        0.254822
        0.260090
        0.265762
        0.271836
        0.278314
        0.285195
        0.293143
        0.301433
        0.309162
        0.316329
        0.322934
        0.328976
        0.334457
        0.339376
        0.343734
        0.347529
        0.350762
        0.353434
        0.355543
        0.357091
        0.358076
        0.358500
        0.358362
        0.357662
        0.356400
        0.354576
        0.352190
        0.349242
        0.345733
        0.341661
        0.337027
        0.331832
        0.326075
        0.319756
        0.312874
        0.305431
        0.297426
        0.288965
        0.280894
        0.273393
        0.266462
        0.260099
        0.254306
        0.249081
        0.244426
        0.240340
        0.236824
        0.233876
        0.231498
        0.229689
        0.228449
        0.227778
        0.227676
        0.228144
        0.229180
        0.230786
        0.232961
        0.235706
        0.239019
        0.242902
        0.247353
        0.252374
        0.257965
        0.264124
        0.270852
        0.278150
        0.286017
        0.290814
        0.292209
        0.293730
        0.295377
        0.297150
        0.299049
        0.301073
        0.303223
        0.305500
        0.307902
        0.310430
        0.313084
        0.315864
        0.318770
        0.321801
        0.324959
        0.328242
        0.331652
        0.335187
        0.338848
        0.342635
        0.346548
        0.350587
        0.354752
        0.359042
        0.363459
        0.368001
        0.372670
        0.377464
        0.382384
        0.387430
        0.395001
        0.404546
        0.413483
        0.421813
        0.429534
        0.436648
        0.443153
        0.449051
        0.454341
        0.459022
        0.463096
        0.466561
        0.469419
        0.471669
        0.473311
        0.474344
        0.474770
        0.474588
        0.473798
        0.472400
        0.470393
        0.467779
        0.464557
        0.460727
        0.456289
        0.451243
        0.445589
        0.439327
        0.432458
        0.424980
        0.416894
        0.408676
        0.401192
        0.394254
        0.387861
        0.382013
        0.376711
        0.371954
        0.367743
        0.364077
        0.360957
        0.358382
        0.356352
        0.354868
        0.353930
        0.353537
        0.353689
        0.354387
        0.355631
        0.357420
        0.359754
        0.362634
        0.366059
        0.370030
        0.374546
        0.379608
        0.385215
        0.391367
        0.398065
        0.405309
        0.413098
        0.419969
        0.425303
        0.430354
        0.435123
        0.439609
        0.443812
        0.447734
        0.451372
        0.454728
        0.457802
        0.460593
        0.463102
        0.465328
        0.467272
        0.468933
        0.470311
        0.471408
        0.472221
        0.472753
        0.473001
        0.472967
        0.472651
        0.472052
        0.471171
        0.470007
        0.468561
        0.466833
        0.464821
        0.462528
        0.459951
        0.457093
        0.456644
        0.458633
        0.460375
        0.461869
        0.463116
        0.464115
        0.464867
        0.465372
        0.465629
        0.465640
        0.465402
        0.464918
        0.464186
        0.463207
        0.461981
        0.460507
        0.458786
        0.456817
        0.454602
        0.452138
        0.449428
        0.446470
        0.443265
        0.439813
        0.436113
        0.432166
        0.427972
        0.423530
        0.418841
        0.413905
        0.410001
        0.407326
        0.404666
        0.402020
        0.399389
        0.396773
        0.394171
        0.391584
        0.389012
        0.386454
        0.383910
        0.381382
        0.378868
        0.376369
        0.373884
        0.371414
        0.368959
        0.366518
        0.364092
        0.361680
        0.359283
        0.356901
        0.354534
        0.352181
        0.349842
        0.347519
        0.345210
        0.342915
        0.340635
        0.338370
        0.336120
