        2.247617
        3.209798
        7.601745
        4.166339
        1.549466
        5.781902
        4.552164
       12.115309
        2.109961
       13.283005
       12.798301
        0.655672
        4.933934
        8.143203
        6.964756
        3.533757
       12.186164
        8.309589
        7.173795
       16.252037
       13.896904
        5.556118
       18.006489
       16.217843
        6.008567
       12.035993
        3.647089
       16.786974
       17.380604
        6.241049
        6.243869
        9.006153
       11.426500
       18.855514
        4.989631
       10.907426
        6.415013
       23.441872
       22.340272
       22.469996
       22.002213
       23.415081
       21.654283
       22.995415
       24.229560
        2.352665
       25.990357
       26.112855
       26.956769
       26.228655
       22.072891
        4.529074
       20.538935
       25.059726
       27.849506
       22.724157
       25.067128
       13.798730
       22.147271
        8.960326
        6.311375
        8.048730
       15.655587
       20.562201
       34.771255
       19.781211
       15.352779
       32.158788
       19.424116
       21.417572
        5.867033
       13.610841
       10.374428
       32.925855
       25.479920
        3.086948
       23.890972
       21.946340
       25.197205
        2.511295
       33.697327
       10.589637
       23.740802
       19.185466
       18.158598
       29.472823
       41.236854
       38.580500
       38.088569
       13.156100
       21.717207
       11.789235
       22.881554
       23.914238
       22.993124
        8.881716
       35.665402
       16.681044
       15.445313
        7.520667
       16.695497
       28.541134
       39.978386
        8.578027
       16.832624
       28.824025
       35.822446
       39.791202
       37.271270
       31.214409
        6.302562
        1.975125
        8.723262
       30.227199
       26.624526
       50.669899
       47.549639
       23.499155
       34.418567
       24.946393
       40.428191
       46.294167
       48.665515
       49.984968
       57.403583
       57.061470
       57.661974
       58.950229
       53.834575
       58.178404
       41.810038
       56.288764
       56.600384
       53.069448
       42.824039
       51.187034
       21.552760
       16.293633
       26.286291
       18.569803
       17.151824
       24.712678
       56.404035
       32.604011
       43.213917
       30.942446
       35.492671
       46.128310
       45.544727
       38.089274
       35.479099
       43.208982
       50.945210
       43.076085
        7.075797
       10.062279
        7.490880
        9.551489
       36.130717
       55.818689
       49.033890
       24.281555
       44.188613
       34.804744
       43.986447
       21.895754
       20.787633
       20.355100
       42.453725
       55.609473
       55.926910
       61.354890
       57.938872
       58.834958
       43.325664
       51.614278
       32.169011
       60.124094
       61.117826
       60.558036
       42.672988
       56.999075
       57.738998
       19.486511
       58.119182
       57.260815
       24.457988
       27.694753
       41.177808
       48.966737
       61.516869
       48.780963
       12.633678
       15.140743
       20.198409
       57.242132
       58.179109
       11.701460
       40.228846
       54.958560
       27.900620
       47.683946
       46.945433
       60.117749
       57.423852
       57.965311
       37.848685
       33.920996
       53.422841
       44.552758
       38.536788
       51.898932
       15.501363
       38.336561
       51.367520
       27.495760
       32.666935
       51.445073
       37.279730
       35.381101
       40.392411
       52.967043
       30.324845
        8.678317
       45.264303
       40.943740
        2.654944
       51.222285
       26.128189
       51.842001
       40.841512
       20.103936
       44.642120
       21.788590
       15.147617
       48.360945
       39.165670
       38.933364
       47.703158
       46.917056
       27.486771
       45.607298
       32.589206
       19.654307
       44.041087
       35.937541
        5.611286
       34.376970
       11.965139
       21.729721
       44.768143
       42.193924
       25.843183
       29.651194
       12.837430
        2.198794
       14.883938
       20.127730
       28.019064
       14.195834
        9.669580
       27.963719
       39.404673
       27.118572
       31.902512
       25.408360
       22.366358
       12.163427
       26.653256
       26.963995
       31.076048
       31.372863
       14.654100
       13.226074
       16.039649
       10.582763
       14.443122
       29.360019
       17.959429
       20.201581
       18.973253
       13.875930
       12.072655
       22.219008
       24.336900
       20.936921
       24.225506
       22.251615
        2.626919
       27.580891
       25.752412
       23.491223
       23.931511
       10.347814
        1.622613
        6.546853
       16.842847
       20.159456
       19.574110
        7.210633
        3.318372
        2.597485
        5.095737
        5.516108
        9.250091
       11.162116
       16.090058
        7.314095
       10.894207
        3.557727
       17.409158
       15.838364
        5.782959
       15.152200
        6.062501
        4.749394
        4.941161
       10.768713
       16.213261
        3.375479
        9.300324
        5.212066
        8.370045
        6.285641
        0.324311
        4.887050
       13.936914
        4.607861
       14.400115
       13.581054
        7.225086
        6.145342
       11.658277
       13.708839
        2.729324
        2.938011
        7.028032
        3.697498
        2.882138
        0.749617
        5.954104
        9.534040
       10.827582
        0.540930
        1.116229
        5.587668
        8.077636
        7.188953
        7.973998
        2.771273
        2.662523
        3.861769
        0.778875
        1.804509
        1.106006
        8.092089
        5.275695
        5.151082
        2.904875
       12.902115
        1.548409
        3.347454
       12.190217
        4.975707
        4.053535
