        0.009000
        0.000000
        0.000000
        0.329000
        4.858000
       13.536000
        8.786000
        0.002000
        0.456000
        0.051000
        0.000000
        8.339000
        0.171000
        0.599000
        0.413000
        1.911000
        1.278000
        7.694000
        0.218000
        0.000000
        0.067000
       11.576000
        0.015000
        0.000000
        0.659000
        0.000000
        0.000000
        0.000000
        0.000000
        0.947000
        0.361000
        3.051000
        8.616000
        0.000000
        3.614000
        0.942000
        7.684000
        1.119000
        0.000000
        0.000000
        0.000000
        0.000000
        0.000000
        0.000000
        0.000000
        0.000000
        0.000000
        0.000000
        0.000000
        0.000000
        2.633000
        1.567000
        0.045000
        0.140000
        0.000000
        0.000000
        1.329000
        4.958000
        0.483000
       11.288000
        2.903000
        6.877000
        6.419000
        2.876000
        0.000000
        0.000000
        0.427000
        0.170000
        0.854000
        6.593000
       19.487000
        2.184000
        3.486000
        0.051000
        5.455000
        9.156000
        0.708000
        1.073000
        1.438000
       21.383000
        3.433000
        3.419000
        2.974000
        8.291000
        2.307000
        2.219000
        0.491000
        1.617000
        0.000000
        5.747000
        0.619000
        8.772000
        9.073000
        0.522000
        1.566000
       10.259000
        3.371000
        0.373000
        2.990000
        8.960000
       16.356000
        0.617000
        0.000000
        5.573000
        6.623000
        3.652000
        0.311000
        1.618000
        3.480000
        0.200000
        6.975000
       26.980000
        4.729000
        2.792000
        3.914000
        0.000000
        0.000000
        3.529000
        5.780000
        4.297000
        0.877000
        0.526000
        0.000000
        0.000000
        0.000000
        0.000000
        0.000000
        0.000000
        0.000000
        0.000000
        0.836000
        0.563000
        0.060000
        0.462000
        2.696000
        1.944000
       10.622000
        1.734000
        0.763000
        0.239000
        0.000000
        0.235000
        0.000000
        1.625000
        1.285000
        0.236000
        0.000000
        0.453000
        2.351000
       11.226000
        6.053000
        0.979000
        8.290000
        1.851000
        4.976000
        7.865000
       12.861000
        4.545000
        3.932000
        0.103000
        1.657000
       10.854000
        3.762000
        1.933000
        0.212000
        2.265000
        5.526000
        4.039000
        1.569000
        0.000000
        0.000000
        0.000000
        0.000000
        3.432000
        3.648000
        3.662000
        2.105000
        0.575000
        0.000000
        3.126000
        8.730000
        2.104000
        0.365000
       20.549000
        3.391000
        0.000000
       14.670000
        6.843000
        0.995000
        0.118000
        0.000000
        5.931000
        8.930000
       34.809000
       10.797000
        0.000000
        0.000000
       14.897000
        0.877000
        1.490000
       19.094000
        0.875000
        1.799000
        0.020000
        0.000000
        0.000000
        0.000000
        1.647000
        6.002000
        1.699000
        4.909000
        0.648000
        8.171000
        1.426000
        0.267000
        0.337000
        1.687000
        0.000000
        5.428000
        9.065000
        2.171000
        0.000000
       10.934000
       18.855000
        4.702000
        6.459000
       32.943000
        0.476000
        0.000000
        0.000000
        5.251000
        1.972000
        0.000000
        3.862000
        6.601000
        0.481000
        0.722000
        0.142000
        0.000000
        0.000000
        0.062000
        0.000000
        1.418000
       16.857000
        0.555000
        7.012000
       19.175000
        1.011000
       23.571000
       12.149000
        0.002000
        0.000000
        0.451000
        2.651000
        5.538000
       20.359000
        5.679000
        1.074000
        0.093000
        0.000000
        1.036000
        0.160000
        0.000000
        0.000000
        0.552000
        0.761000
        0.000000
        0.841000
        0.216000
        0.000000
        0.000000
        0.000000
        1.941000
        0.589000
        2.739000
        5.995000
        6.535000
        0.001000
        1.442000
        1.140000
        0.000000
        4.408000
        0.210000
        0.000000
        0.000000
        0.000000
        0.602000
        0.319000
       19.923000
        1.072000
        0.000000
        0.000000
        0.000000
        0.546000
        8.340000
        0.296000
        0.000000
        0.000000
        0.000000
        2.150000
       17.851000
       24.720000
        5.883000
        0.080000
        0.000000
        0.000000
        1.270000
        0.003000
        0.000000
        0.000000
        0.064000
        0.000000
        0.156000
        0.000000
        2.516000
        9.101000
        0.597000
        0.091000
        0.000000
        1.139000
        1.870000
        0.335000
        0.654000
        0.674000
       23.614000
       13.744000
        6.427000
        5.076000
        1.110000
        0.243000
        0.000000
        0.372000
        0.762000
        0.081000
        8.099000
        2.034000
        0.007000
        1.645000
        6.539000
        8.493000
        2.363000
        0.007000
        1.581000
       10.730000
        6.615000
        1.196000
        0.088000
        0.000000
        0.000000
        0.379000
        8.785000
        1.758000
        4.520000
        4.609000
        5.728000
        0.801000
        0.028000
        0.000000
        1.547000
        0.038000
        0.000000
        0.000000
        0.000000
        0.000000
        5.224000
