       -4.162000
       -6.843000
       -1.725000
        1.900000
        2.323000
        3.223000
        5.167000
        2.784000
        1.409000
        4.267000
        5.720000
       -0.875000
       -1.102000
        0.454000
        0.542000
        1.455000
        2.950000
        4.775000
        7.433000
        6.058000
        3.762000
        2.761000
        0.902000
        1.458000
        0.089000
       -0.560000
        1.450000
        5.333000
        3.592000
        0.434000
       -1.793000
        3.140000
       -1.421000
       -2.605000
        0.286000
        0.565000
        3.994000
        3.995000
        2.807000
        2.685000
        1.629000
        2.197000
        2.022000
        1.914000
        2.963000
       -4.297000
       -2.623000
       -2.088000
        2.243000
        2.599000
        2.904000
        3.412000
        5.800000
        9.315000
        9.954000
        7.349000
        7.964000
        4.505000
        5.753000
        6.550000
        7.785000
        5.552000
       -0.152000
       -2.387000
       -2.049000
       -1.459000
        0.517000
        3.751000
        4.498000
        3.273000
        5.518000
        3.766000
        6.883000
       10.144000
        5.763000
        2.461000
        0.821000
       -0.133000
       -1.035000
       -1.873000
       -1.295000
       -2.441000
       -4.045000
       -4.095000
       -0.343000
        2.408000
        4.277000
        6.620000
       10.797000
        4.084000
        6.427000
        5.406000
        3.544000
        3.921000
        5.291000
       -0.447000
       -1.203000
       -0.414000
        5.385000
        6.576000
        7.077000
        5.214000
        7.879000
        2.723000
        2.014000
        1.842000
        2.716000
        7.465000
        8.681000
       12.012000
        6.170000
        5.119000
        6.557000
       10.067000
        9.336000
       11.032000
       12.537000
       11.013000
        7.118000
        6.618000
        8.171000
       12.209000
       14.071000
       14.125000
       12.289000
       13.906000
       14.014000
       15.255000
       16.758000
       17.104000
       13.409000
       14.532000
       16.938000
       16.800000
       14.374000
       14.879000
       11.513000
        9.838000
       10.111000
        9.313000
        6.953000
        9.808000
       13.105000
       14.034000
       16.506000
       18.199000
       21.242000
       18.307000
       18.480000
       16.749000
       14.386000
       17.847000
       16.951000
       15.164000
        9.760000
       10.664000
        9.380000
        8.035000
       12.960000
       16.298000
       17.389000
       13.788000
       13.494000
        9.366000
       10.581000
        8.751000
        8.847000
       11.325000
       15.458000
       17.275000
       17.890000
       21.336000
       23.587000
       23.402000
       21.358000
       21.622000
       17.653000
       18.966000
       18.782000
       21.524000
       20.146000
       21.525000
       22.832000
       15.866000
       15.549000
       18.633000
       15.528000
       12.482000
       12.755000
       15.429000
       19.951000
       19.956000
       11.897000
       10.761000
       10.553000
       15.728000
       18.291000
       12.277000
       14.809000
       17.337000
       16.331000
       12.032000
       11.446000
       14.753000
       16.649000
       19.189000
       19.948000
       18.660000
       21.418000
       20.866000
       22.013000
       22.981000
       16.527000
       17.551000
       19.573000
       17.980000
       17.304000
       21.136000
       20.115000
       13.910000
       15.396000
       18.315000
       17.946000
       14.186000
       14.762000
       15.814000
        9.668000
       13.521000
       13.690000
       18.190000
       18.022000
       13.613000
       16.257000
       14.582000
       11.166000
       13.672000
       15.973000
       17.834000
       18.914000
       18.176000
       16.451000
       17.911000
       19.370000
       15.056000
       17.452000
       18.073000
       13.296000
       17.357000
       14.036000
       11.253000
       14.772000
       17.059000
       18.666000
       17.972000
       11.764000
        8.994000
        5.424000
        6.083000
        6.925000
        5.078000
        5.328000
       11.583000
        8.534000
        7.026000
        8.287000
        7.793000
        6.899000
        7.533000
        8.677000
        8.236000
        8.008000
        9.446000
        8.766000
       10.277000
        8.384000
        3.675000
        2.991000
        5.945000
       11.425000
       12.746000
       13.759000
       12.554000
       10.569000
       12.779000
       13.602000
       13.753000
       15.297000
       13.900000
       10.009000
        7.183000
        6.716000
       10.083000
       12.402000
       12.715000
        4.392000
        3.285000
        6.192000
        6.143000
        6.479000
        7.254000
        3.434000
       -0.741000
       -1.199000
       -0.632000
        0.444000
        6.156000
       10.519000
        5.958000
        6.306000
        4.016000
        7.970000
        7.813000
        6.901000
        8.817000
        7.448000
        3.692000
        3.397000
        3.584000
        2.814000
        1.378000
        2.684000
        1.710000
        3.635000
        3.582000
        3.064000
       -3.447000
       -4.028000
       -1.069000
       -2.059000
       -1.937000
       -4.449000
       -3.113000
       -0.095000
        2.929000
       -1.115000
       -0.998000
       -0.726000
        1.316000
        2.301000
       -0.395000
        0.423000
       -1.417000
       -2.450000
       -2.320000
       -3.179000
       -3.245000
       -3.444000
        2.239000
        1.293000
       -2.560000
       -3.463000
       -2.770000
       -1.407000
        0.365000
        2.431000
        3.079000
        2.053000
       -1.277000
       -0.929000
       -3.516000
       -5.751000
       -5.566000
       -5.482000
       -6.292000
       -2.631000
