       12.066667
       54.166667
      189.966667
      301.838889
      129.438889
       45.515789
      129.327778
      199.738889
       72.227778
      211.727778
      401.255556
        5.661111
        5.500000
      102.111111
       26.327778
       12.888889
      136.055556
       97.216667
      268.942105
      263.015789
      142.831579
      123.031579
      239.273684
      217.015789
       34.184211
       70.826316
      308.263158
      537.357895
      330.610526
      105.336842
       41.873684
      205.326316
        5.585000
       66.240000
      143.230000
      110.810000
       70.890000
      217.865000
      385.623810
      365.271429
      245.723810
      290.128571
      263.042857
      243.328571
      317.828571
        6.114286
      235.757143
      231.557143
      384.685714
      352.142857
      264.619048
       44.863636
      199.881818
      460.118182
      490.131818
      318.040909
      328.509091
      195.934783
      263.360870
      147.778261
      309.191304
      121.717391
      124.143478
      178.117391
      274.765217
      242.808696
       79.687500
      259.725000
      221.345833
      181.058333
       27.304167
      303.458333
      209.325000
      494.320833
      262.675000
        6.329167
      276.116000
      241.416000
      166.128000
        5.492000
       58.656000
       15.388462
       85.996154
       35.250000
       22.526923
      194.861538
      368.903846
      466.623077
      813.619231
      117.219231
      207.669231
      237.018519
      184.562963
      241.980769
      315.930769
       21.880769
      230.944444
      157.225000
      161.785714
       35.682143
       70.875000
      286.142857
      501.392857
       64.046429
       58.478571
      124.621429
      177.046429
      320.321429
      459.417857
      729.375000
       77.950000
        3.642857
       15.548276
      299.448276
      385.355172
      677.155172
      710.651724
      446.455172
      261.534483
      219.393333
      391.936667
      715.863333
      837.167742
      785.780000
      821.403333
      876.410000
      779.276667
     1034.240000
     1125.226667
     1112.513333
      684.520000
      813.232258
     1233.993548
     1119.300000
      600.416129
      609.987500
      127.480435
      102.158333
      162.333333
      240.945238
      145.243590
      238.061765
      602.619355
      480.700000
      630.729412
      908.806250
     1405.568750
      677.215625
      570.491667
      276.418182
      267.814286
      722.990625
      559.779412
      480.966667
        6.281250
       12.745833
       11.156818
        3.554167
      183.863415
      682.315625
      628.212500
      170.782051
      436.245000
      282.618421
      498.465625
      191.326471
       79.969444
      123.694872
      554.129730
      774.400000
      732.515625
     1202.912500
     1411.115625
     1247.425000
      826.818750
      939.757576
      551.212500
      992.009091
      991.931250
     1109.884848
      768.669697
     1092.151515
     1544.568750
      278.202857
      776.059375
     1095.518750
      262.756410
      315.072500
      453.278788
      668.268750
     1238.484375
      990.152941
       32.309524
       71.895122
       83.497500
      757.131250
      878.512500
       62.888235
      420.929730
      702.262500
      448.188235
      599.815625
      388.952941
      644.672222
      830.603226
     1062.667742
      924.929032
      512.078378
      888.351613
      913.983871
      867.370000
     1446.206667
      334.565625
      527.140541
      618.992105
      544.514286
      421.974359
      981.713333
      826.236667
      272.439394
      414.938462
      866.286667
      552.434375
       31.685417
      485.775758
      672.883333
        7.459574
      482.069697
      412.737931
      878.817857
      466.289189
      246.597436
      691.107143
      253.129412
      106.354839
      586.946429
      596.942424
      661.156667
      870.728571
      608.528571
      405.714286
      640.696429
      684.085714
      209.253125
      592.528571
      578.900000
       36.017778
      401.170000
      180.589189
       86.210526
      614.169231
      752.480769
      708.451852
      484.703846
       52.732500
        6.102128
       55.400000
      148.836111
      171.997297
      135.134615
       38.584848
      191.012821
      408.534615
      317.016000
      265.811538
      182.578788
      186.833333
      103.831579
      259.540000
      308.872000
      215.180000
      247.828000
      196.916000
      317.760000
      262.030435
       52.467857
       20.908696
      324.500000
      371.139130
      222.069565
      300.847826
      150.104348
      158.478261
      332.795652
      379.613043
      406.604348
      434.665217
      263.173913
        5.613043
      326.286364
      284.486364
      346.122727
      372.722727
      311.968182
        5.819048
       65.928571
      144.204762
      182.754545
      136.976190
      163.590476
        4.795238
        4.623810
        5.061905
        4.904762
        4.976190
      158.661905
      420.647619
        6.580000
       43.690000
        5.215000
      244.870000
      224.035000
      207.175000
      342.436842
      259.531579
       36.331579
       74.378947
      138.647368
      122.300000
        5.615789
       46.231579
       17.384211
       59.826316
      131.747368
        4.368421
        7.794737
       88.615789
        4.652632
       42.747368
      101.015789
       35.121053
      116.047368
      142.836842
      210.436842
       33.163158
       12.683333
      221.766667
      146.594118
       42.761111
        5.923529
       31.864706
       36.661111
       54.658824
        5.664706
        5.794118
        5.777778
        6.394118
      268.823529
      171.452941
        5.570588
        5.670588
        5.722222
        5.511111
       15.711111
        4.377778
      117.500000
       39.815789
        5.411111
       15.100000
      155.394444
       61.383333
       83.138889
       54.127778
       14.905556
       59.572222
