        0.737551
        0.740436
        0.743032
        0.745340
        0.747360
        0.749092
        0.750535
        0.751690
        0.752556
        0.753134
        0.753424
        0.753425
        0.753138
        0.752563
        0.751699
        0.750547
        0.749106
        0.747377
        0.745360
        0.743054
        0.740460
        0.737578
        0.734407
        0.730948
        0.727201
        0.723165
        0.718841
        0.714228
        0.709327
        0.704138
        0.698661
        0.689102
        0.676505
        0.665010
        0.654617
        0.645326
        0.637136
        0.630048
        0.624062
        0.619178
        0.615395
        0.612715
        0.611136
        0.610658
        0.611283
        0.613009
        0.615838
        0.619768
        0.624799
        0.630933
        0.638168
        0.646505
        0.655944
        0.666485
        0.678127
        0.690871
        0.704717
        0.719665
        0.735715
        0.750787
        0.763486
        0.775424
        0.786602
        0.797020
        0.806678
        0.815575
        0.823712
        0.831089
        0.837706
        0.843563
        0.848659
        0.852995
        0.856571
        0.859386
        0.861441
        0.862736
        0.863271
        0.863046
        0.862060
        0.860314
        0.857808
        0.854541
        0.850515
        0.845728
        0.840181
        0.833873
        0.826806
        0.818978
        0.810390
        0.801041
        0.794433
        0.791205
        0.788067
        0.785021
        0.782067
        0.779204
        0.776433
        0.773753
        0.771165
        0.768668
        0.766262
        0.763948
        0.761726
        0.759595
        0.757555
        0.755607
        0.753750
        0.751985
        0.750312
        0.748729
        0.747239
        0.745840
        0.744532
        0.743315
        0.742191
        0.741157
        0.740215
        0.739365
        0.738606
        0.737939
        0.737204
        0.736296
        0.735334
        0.734321
        0.733256
        0.732138
        0.730968
        0.729746
        0.728472
        0.727145
        0.725767
        0.724336
        0.722853
        0.721317
        0.719730
        0.718090
        0.716398
        0.714654
        0.712858
        0.711009
        0.709109
        0.707156
        0.705151
        0.703093
        0.700984
        0.698822
        0.696608
        0.694342
        0.692024
        0.689654
        0.687231
        0.683282
        0.678105
        0.673274
        0.668788
        0.664648
        0.660854
        0.657405
        0.654301
        0.651543
        0.649131
        0.647065
        0.645343
        0.643968
        0.642938
        0.642254
        0.641915
        0.641922
        0.642274
        0.642972
        0.644015
        0.645404
        0.647139
        0.649219
        0.651645
        0.654416
        0.657533
        0.660996
        0.664804
        0.668958
        0.673457
        0.675390
        0.674661
        0.674149
        0.673855
        0.673779
        0.673919
        0.674278
        0.674854
        0.675647
        0.676658
        0.677887
        0.679332
        0.680996
        0.682877
        0.684975
        0.687291
        0.689824
        0.692575
        0.695544
        0.698730
        0.702133
        0.705754
        0.709592
        0.713648
        0.717921
        0.722412
        0.727121
        0.732047
        0.737190
        0.742551
        0.748129
        0.754397
        0.760950
        0.767181
        0.773090
        0.778677
        0.783942
        0.788885
        0.793507
        0.797806
        0.801784
        0.805439
        0.808773
        0.811785
        0.814475
        0.816843
        0.818889
        0.820614
        0.822016
        0.823097
        0.823855
        0.824292
        0.824407
        0.824200
        0.823671
        0.822820
        0.821647
        0.820152
        0.818336
        0.816197
        0.813737
        0.810954
        0.812831
        0.819106
        0.824710
        0.829643
        0.833905
        0.837496
        0.840416
        0.842666
        0.844245
        0.845153
        0.845390
        0.844956
        0.843852
        0.842076
        0.839630
        0.836513
        0.832726
        0.828267
        0.823138
        0.817337
        0.810866
        0.803725
        0.795912
        0.787428
        0.778274
        0.768449
        0.757953
        0.746786
        0.734949
        0.722440
        0.709111
        0.696030
        0.683700
        0.672123
        0.661299
        0.651226
        0.641906
        0.633338
        0.625522
        0.618459
        0.612148
        0.606589
        0.601783
        0.597729
        0.594427
        0.591877
        0.590080
        0.589035
        0.588742
        0.589202
        0.590413
        0.592378
        0.595094
        0.598563
        0.602784
        0.607757
        0.613483
        0.619961
        0.627191
        0.635173
        0.643908
        0.649257
        0.650691
        0.652168
        0.653689
        0.655254
        0.656863
        0.658517
        0.660214
        0.661956
        0.663741
        0.665571
        0.667444
        0.669362
        0.671323
        0.673329
        0.675379
        0.677472
        0.679610
        0.681792
        0.684018
        0.686288
        0.688602
        0.690960
        0.693362
        0.695808
        0.698298
        0.700833
        0.703411
        0.706033
        0.708699
        0.719153
        0.736165
        0.751581
        0.765403
        0.777630
        0.788262
        0.797299
        0.804742
        0.810589
        0.814841
        0.817499
        0.818561
        0.818029
        0.815902
        0.812180
        0.806863
        0.799951
        0.791444
        0.781342
        0.769645
        0.756354
        0.741467
        0.724986
        0.706910
        0.687239
        0.665972
        0.643111
        0.618656
        0.592605
        0.564959
        0.535718
