        1.901626
        3.872697
       13.873110
        5.445429
       13.494512
        3.377241
        7.215216
       11.854979
        2.035757
        4.610857
        5.583261
        2.367471
        3.009219
        3.434348
       11.761034
       15.862511
       15.374282
        6.351914
        3.529879
        4.283902
        9.274238
        5.877609
       16.153862
       10.685873
        5.022415
        6.836089
        2.553421
        4.772660
        6.772813
        3.648852
        3.654316
        3.438931
       15.413763
       11.364106
       12.792484
       20.620894
       21.030161
       22.623339
       21.337023
       17.049948
       22.774567
       19.585919
       21.855744
       18.638014
       22.105675
        9.682447
        7.929934
        7.871417
        5.288738
       17.220916
        3.699085
        4.976764
       10.419373
       25.634320
        6.274009
        7.608795
        6.203682
        5.973492
        3.113210
       14.943160
       29.723812
       29.606954
       27.495407
       16.464425
       31.037272
       34.054774
       30.868418
       32.378403
       19.813466
       18.355476
       24.457459
        7.747685
       31.138090
       28.329627
       12.383747
        2.078763
       12.114956
        4.695107
       40.608677
       40.135254
       38.538727
       40.272733
       39.962699
       39.180299
       26.336700
       17.369324
       10.856312
       38.196438
       18.356005
       18.346663
       35.752120
       44.200951
       40.635821
       13.956831
       41.449418
       41.491367
       45.275936
       44.115290
       47.295654
       46.616011
       45.792719
       14.296300
       34.202477
       39.330469
       49.958882
       49.883973
       51.216116
       50.871359
       50.443233
       49.914642
       47.523024
       50.900089
       41.878602
       31.081336
       52.044695
       52.673401
       21.281502
       41.087389
       28.816798
       48.480447
       42.822805
       49.763414
       36.011392
       52.081004
       58.091510
       56.242585
       50.904848
       49.200629
       58.972614
       47.407400
       48.734079
       18.837713
       55.875972
       23.867354
       25.704118
       34.610333
       42.841665
       59.537162
       53.482063
       53.982454
       56.974928
       41.463343
       53.630294
       59.037123
       60.998148
       50.878057
       16.820286
       55.433570
       61.177224
       61.094383
       17.510681
        8.722381
       18.253248
       31.772259
       38.143032
       44.726018
       40.467849
       40.063518
        9.721576
       21.338256
       47.834292
       19.226886
       51.250310
       33.048881
       39.499322
       56.583464
       46.256977
       43.958951
       17.239423
       39.005805
       47.304995
       54.420803
       22.157847
       25.546721
       42.237283
       45.068483
       63.429952
       58.580797
       54.878011
       29.248978
       34.496119
       50.069042
       51.108247
       62.234584
       62.837555
       61.505941
       51.984592
       48.017246
       51.620623
       46.232301
       36.183947
       51.343725
       51.558758
       10.946908
       35.885193
       42.739436
       60.691110
        9.545496
       41.150136
       30.219972
       16.473238
       20.239300
       20.628121
       41.392840
       30.674537
       52.117137
       49.186176
       37.080561
       28.373515
       33.914474
       30.064515
       38.585964
       49.358025
       55.785553
       20.735990
       42.190575
       37.335603
       33.854195
       21.826486
       24.772252
       38.187801
       50.280373
       52.249329
       49.643736
       42.706829
       38.753230
       23.171319
       45.730324
       51.616570
       38.878725
       48.602416
       48.194736
       47.513859
       47.216691
       46.856953
       42.404197
       41.366754
       45.618402
       17.887693
       50.785346
       47.467856
       42.316951
       44.763736
       34.587949
       30.634703
       41.074874
       12.642138
       25.685434
       44.045317
       12.846242
       26.400857
       38.765568
       42.798482
       35.552598
       42.427287
       40.657324
       22.307136
       37.771485
       37.913723
       20.347874
        5.160423
        9.451904
       31.928069
       37.760909
       35.906520
       33.457266
       34.103597
       28.571803
       35.207489
       33.933686
       33.837627
       12.084816
       18.317052
       22.790782
       23.960241
       32.587972
       32.743430
       21.264758
       23.982625
       13.069559
        6.763471
       21.608457
        3.244873
       17.691343
        8.808394
        8.515632
       27.383661
        9.282875
        5.774147
       10.178079
       23.122320
        2.682793
       14.641762
       24.139140
       14.141724
       18.245140
       23.731813
        7.716135
       22.289686
       15.823559
       21.135562
       21.052898
       16.497738
        5.417757
        9.380344
       17.394528
       10.636345
        6.974274
        7.329958
       16.675404
        2.995647
        3.732573
       11.260291
        5.704525
        2.460886
       12.674921
        3.458848
        4.512682
        3.445100
       11.178332
       13.866765
       16.705544
       16.514835
       11.210763
       15.259363
       15.676209
        6.673757
        3.267434
       11.494888
        8.118880
       12.696425
       10.444754
       12.339859
        5.923964
        8.769441
        7.819950
        5.350427
        5.267411
        8.710572
        1.573614
        0.637165
        9.949475
        5.267587
        3.804662
        4.243892
        1.225860
        3.174723
        4.485539
        1.535542
        0.758958
        1.410048
        1.804509
        2.177467
        1.071989
        0.661489
        0.616191
        1.790585
        2.650009
       10.634230
       12.357132
       13.309972
       10.710196
        3.361907
        5.935068
        0.894147
