        0.165000
        1.300000
        0.139000
        0.000000
        0.000000
        4.470000
        3.909000
        1.825000
        5.959000
        5.500000
        2.524000
        6.222000
        8.336000
        0.678000
        2.159000
        0.000000
        0.000000
        0.450000
        4.249000
        2.667000
        0.726000
        0.020000
        0.000000
        0.000000
        2.881000
        3.981000
        0.000000
        0.000000
        0.000000
        0.000000
        0.000000
        0.000000
        0.000000
        0.203000
        0.192000
        0.000000
        0.000000
        0.000000
        0.000000
        0.000000
        0.000000
        0.304000
        0.000000
        0.393000
        0.000000
        1.412000
        0.639000
        0.865000
        0.321000
        0.000000
        7.638000
        3.015000
        0.921000
        0.001000
        1.062000
        1.920000
        4.838000
        7.133000
        0.847000
        0.000000
        0.000000
        0.000000
        0.000000
        0.000000
        0.000000
        0.000000
        0.000000
        0.000000
        0.086000
        0.000000
        0.000000
        1.083000
        0.380000
        0.000000
        4.255000
        9.807000
        2.816000
        3.389000
        0.001000
        0.000000
        0.000000
        0.000000
        0.000000
        0.000000
        0.436000
        2.935000
        4.749000
        0.000000
        3.791000
        3.457000
        0.933000
        0.000000
        0.129000
       11.299000
        0.137000
        0.000000
        0.000000
        0.000000
        0.000000
        0.000000
        0.000000
        9.303000
        0.876000
        0.000000
        0.000000
        0.000000
        0.000000
        0.000000
        0.000000
        0.000000
        0.000000
        0.000000
        0.230000
        5.614000
        0.000000
        0.000000
        2.694000
        0.525000
        6.744000
        6.113000
        1.052000
        3.874000
        6.838000
        0.000000
        0.000000
        0.000000
        0.000000
        0.000000
        0.000000
        0.000000
        0.000000
        8.636000
        0.063000
       14.695000
        7.202000
        1.472000
        0.000000
        0.000000
        4.566000
        1.201000
        1.427000
        6.744000
        1.781000
        0.000000
        0.000000
        7.632000
       12.655000
        0.407000
        0.000000
        0.042000
       18.952000
        7.411000
        0.028000
        0.000000
        4.646000
        2.793000
        9.812000
        7.258000
       10.130000
        3.422000
        0.075000
        3.471000
        0.005000
        3.332000
        0.526000
        2.603000
        9.069000
        7.852000
       13.653000
        3.549000
        0.137000
        0.000000
        9.724000
        6.737000
        1.506000
        0.000000
        0.000000
        0.000000
        0.000000
        4.008000
        5.324000
        2.109000
        0.337000
        0.000000
        0.000000
        0.000000
        0.154000
       23.205000
       16.703000
        3.685000
       11.225000
        0.706000
        1.689000
       42.055000
        3.644000
        0.000000
        0.000000
       16.289000
        1.063000
       20.822000
        6.425000
        2.388000
        7.181000
        7.076000
        1.885000
        0.000000
        0.000000
        7.153000
        1.658000
        5.098000
        3.018000
        0.101000
        0.000000
        0.000000
        9.147000
        2.924000
       11.091000
        5.464000
       17.776000
        6.024000
        5.457000
        0.955000
        0.000000
        0.000000
        0.860000
        5.123000
       16.602000
        0.199000
        0.000000
        5.173000
       12.870000
        1.418000
        0.000000
        0.165000
        1.110000
        4.863000
        0.746000
        0.692000
       13.804000
        0.000000
        0.000000
        0.132000
        0.000000
        3.130000
        2.162000
        6.755000
       35.494000
        9.244000
        0.000000
        2.957000
        0.577000
        1.292000
        0.000000
       11.190000
        1.317000
        0.000000
        5.662000
        0.053000
        0.079000
        5.038000
       25.779000
        3.397000
        0.497000
        0.000000
        0.000000
        0.000000
        0.000000
        0.000000
        0.000000
        0.000000
        0.000000
        0.000000
        0.000000
        0.000000
        0.000000
        0.000000
        0.000000
        0.000000
        7.201000
       11.602000
       17.292000
        6.841000
        9.629000
        0.014000
        0.180000
        2.070000
        0.168000
        0.000000
        0.000000
        0.000000
        0.000000
       16.088000
        1.109000
        0.004000
        0.000000
        0.000000
        0.213000
        1.126000
        2.339000
        0.000000
        0.000000
        0.000000
        0.000000
        0.000000
        0.000000
        0.000000
        0.237000
        0.413000
        0.148000
        0.215000
        1.372000
        0.264000
        0.000000
        0.000000
        0.000000
        0.000000
        0.000000
        0.000000
        0.000000
        0.000000
        0.000000
        0.000000
        0.000000
        0.000000
        0.000000
        0.000000
        0.000000
        0.000000
        0.000000
        0.109000
        0.000000
        0.000000
        0.000000
        0.246000
        0.000000
        5.714000
        2.713000
        5.319000
       11.178000
        9.240000
       19.450000
        2.151000
        4.575000
        9.825000
        0.520000
        6.244000
        0.152000
        5.122000
        6.174000
       26.230000
        9.464000
        5.541000
        0.666000
       12.762000
        4.209000
       13.210000
        1.032000
       10.299000
        0.182000
        0.000000
        0.000000
        0.000000
        3.248000
       12.516000
       15.345000
