       -2.468000
       -3.130000
       -4.449000
       -6.412000
       -2.067000
        3.359000
        6.888000
        8.073000
        5.139000
       -0.397000
        1.380000
        1.676000
        5.847000
        6.177000
        5.680000
        5.610000
        3.026000
        3.087000
       -0.663000
       -3.761000
       -4.493000
       -6.462000
       -6.624000
       -4.930000
       -3.316000
       -1.885000
       -1.751000
       -3.867000
       -4.910000
       -7.698000
       -7.409000
       -7.469000
       -6.294000
       -5.049000
        1.398000
        3.751000
        6.327000
        7.197000
        7.107000
        1.886000
        4.587000
        6.900000
        6.299000
        5.578000
        6.853000
        2.003000
        0.954000
        1.352000
        0.660000
        2.387000
       -0.765000
       -0.885000
       -3.484000
       -3.380000
       -2.202000
        1.775000
       -0.244000
        0.993000
        0.584000
        1.821000
        1.119000
       -1.131000
        0.653000
       -0.803000
        0.387000
        0.916000
        4.567000
        5.581000
        5.922000
        5.369000
        6.877000
        9.058000
       10.469000
       10.154000
        7.837000
        4.296000
        2.957000
        0.292000
        3.264000
        4.012000
        5.429000
        9.562000
       10.093000
       11.653000
        9.296000
        7.843000
        7.012000
        9.462000
        7.470000
        7.695000
       12.250000
       15.279000
       15.852000
        5.569000
       10.350000
       14.355000
       16.561000
       15.189000
       16.097000
       14.828000
       14.779000
        7.109000
        4.344000
        6.163000
        6.532000
        7.535000
        9.557000
       12.578000
       14.392000
       15.557000
       15.479000
       16.195000
       16.271000
       12.904000
       15.392000
       11.818000
        8.056000
        9.900000
       10.107000
       11.995000
       12.008000
       13.613000
        7.340000
        7.794000
       11.077000
       15.978000
       17.810000
       18.063000
       16.728000
       18.279000
       18.627000
       13.025000
       13.924000
       11.492000
        5.661000
        8.271000
       12.526000
       16.606000
       16.972000
       17.028000
       18.128000
       16.742000
       16.515000
       18.487000
       15.775000
       18.178000
        8.257000
       11.897000
       16.584000
       20.833000
       12.488000
        6.551000
       11.661000
       14.720000
       17.605000
       17.239000
       15.059000
       17.434000
       10.111000
        9.478000
       13.457000
       10.283000
       14.761000
       13.844000
       16.757000
       19.031000
       17.738000
       16.522000
       10.023000
       10.283000
       14.933000
       19.236000
       16.510000
       13.182000
       13.001000
       14.491000
       21.195000
       24.435000
       25.172000
       18.281000
       13.358000
       13.917000
       13.399000
       15.825000
       18.858000
       20.622000
       19.777000
       17.336000
       16.127000
       18.972000
       16.949000
       19.079000
       22.528000
       14.803000
       11.335000
       14.203000
       17.237000
       11.745000
       12.645000
       12.899000
       10.340000
       11.418000
       12.075000
       12.363000
        9.226000
       13.626000
       15.429000
       15.475000
       14.641000
       15.821000
       14.765000
       14.976000
       14.976000
       20.547000
       17.928000
       19.279000
       18.792000
       18.449000
       14.101000
       12.569000
       11.956000
       13.124000
       16.948000
       18.286000
       17.867000
       18.868000
       15.981000
       18.350000
       21.115000
       22.982000
       22.118000
       23.619000
       25.124000
       27.007000
       25.931000
       23.723000
       19.982000
       23.231000
        9.841000
       14.915000
       14.395000
       15.301000
       16.774000
       17.418000
       20.024000
       22.096000
       16.768000
       13.573000
       14.829000
       13.770000
       14.619000
       18.583000
       21.365000
       20.536000
       16.928000
       17.827000
       13.595000
       14.354000
       16.681000
       16.158000
        6.836000
        7.089000
       10.841000
       13.008000
       14.543000
       14.206000
       15.034000
       16.914000
       17.600000
       17.884000
       17.203000
       12.455000
       13.388000
       14.307000
       14.578000
       16.213000
       16.076000
       14.429000
       13.097000
        4.572000
        3.263000
        5.772000
       10.214000
       11.833000
        9.671000
        9.837000
        7.318000
        2.748000
        4.718000
        7.056000
        9.456000
        3.306000
        3.677000
        2.719000
        1.486000
        2.494000
        6.955000
        6.864000
        9.326000
        6.667000
        9.702000
        9.417000
       11.027000
        5.489000
        5.770000
        7.620000
        7.253000
       10.810000
       14.477000
       13.734000
        6.710000
        5.175000
        5.754000
        2.465000
        2.059000
        4.749000
        2.856000
        0.484000
       -0.924000
       -0.326000
        4.867000
        4.938000
        5.019000
        2.348000
        7.159000
        6.003000
       -1.119000
       -2.538000
       -0.673000
        3.112000
        1.764000
        3.964000
        4.172000
        6.023000
        5.180000
        7.594000
        3.192000
        6.314000
        0.990000
        0.404000
        2.440000
        3.235000
        6.223000
        4.017000
        2.545000
        2.236000
        1.488000
        4.058000
        1.645000
        4.060000
       -1.532000
       -2.539000
       -4.100000
       -3.199000
       -1.706000
        1.179000
        3.183000
       -0.511000
       -0.426000
        2.108000
        1.689000
       -1.245000
       -0.151000
       -1.097000
        0.857000
