        4.322222
        4.716667
       86.677778
       18.616667
      136.238889
      101.322222
      108.372222
      210.955556
      150.550000
        2.909524
       47.494444
       12.777778
       37.338889
       91.926316
      215.733333
      256.638889
      128.550000
      134.800000
       21.331579
        5.115789
       72.245000
       84.435000
       99.930000
       82.109524
       48.610000
        5.310526
       18.330000
       34.155000
       28.560000
       13.221053
       12.947368
       12.478947
       11.080000
       24.740909
      123.450000
      211.290000
      520.975000
      625.645000
      526.354545
       91.276190
      414.604762
      560.219048
      487.452381
      221.195238
      461.828571
       28.181818
        3.040909
       57.527273
       78.081818
      190.700000
        3.352381
        2.340909
        3.640909
      137.750000
       30.900000
        1.016129
        2.334783
        0.795833
       28.340000
      145.791304
      335.726087
      183.430435
      168.539130
       64.262500
      157.350000
      351.008333
      355.570833
      425.766667
      344.570833
      293.358333
      428.279167
      621.616667
      579.083333
      584.033333
      333.208333
        0.000000
       29.554167
        0.000000
      338.607692
      429.484615
      446.215385
      704.565385
      641.930769
      753.980769
      622.138462
      207.311538
       67.588462
      426.840741
      186.026923
      113.988462
      458.619231
      836.903846
      951.633333
       77.665385
      584.911111
      822.774074
      912.125926
      847.911111
     1096.225000
     1124.939286
     1098.789286
      292.796429
      392.067857
      509.432143
      523.860714
      516.253571
      691.682143
      919.378571
     1031.114286
     1103.575862
     1053.289655
     1220.544828
     1195.337931
      392.889655
     1017.758621
      713.093103
      142.727586
      377.779310
      280.331034
      510.879310
      467.946667
      676.700000
      241.606667
      477.446667
      841.886667
     1171.206667
     1262.383333
     1285.987097
     1138.867742
     1182.496774
     1095.138710
      201.945161
      787.338710
      225.667742
       88.445455
      301.312903
      570.154839
     1085.522581
      933.251613
      909.803226
      984.418750
      679.670968
      904.535484
     1078.167742
      960.246875
      956.690625
      166.378125
      656.381250
     1098.521875
     1485.490625
      164.475000
        0.000000
      178.293750
      404.637500
      529.390625
      696.687879
      480.003125
      780.935294
        6.591667
      159.935135
      575.332353
      199.422857
      770.639394
      490.153125
      616.308824
      825.884848
      719.831429
      487.174419
       80.204762
      326.122222
      618.120588
      831.618182
      360.097500
      320.233333
      617.063636
      756.193939
     1348.890909
     1625.830303
     1591.348485
      368.277500
      336.041463
      756.412121
      781.300000
     1106.625000
     1317.121212
     1467.463636
     1174.915625
      526.923077
      495.895122
      599.875000
      272.718750
      913.412500
     1196.865625
       52.287234
      283.968293
      747.812500
     1069.059375
      160.662500
      466.527273
      334.120513
      110.841463
      113.810811
       78.069048
      303.766667
      260.078947
      651.528571
      667.145714
      428.324242
      337.856757
      383.824324
      384.451613
      599.637500
      489.296774
     1099.674194
      396.941176
      607.302941
      485.925714
      428.258065
      126.228889
      270.030303
      351.321875
      629.120000
      934.383333
      971.387097
      443.323077
      596.600000
       79.712195
      611.170000
      991.333333
     1129.470000
      901.855172
     1170.927586
     1598.462069
     1926.437931
     1918.979310
     1300.609375
      589.855172
     1329.946875
      125.600000
      793.407143
      600.745161
      777.735714
      815.789286
      574.239286
      831.378571
     1019.131034
       43.820513
      260.568421
      655.718519
      415.596296
      531.481818
      545.625806
      925.770370
      814.148148
      842.046429
      643.589286
      302.566667
      510.677778
      510.306667
      244.432353
       57.720690
       42.172000
      322.508000
      494.824000
      525.156000
      469.376000
      467.788000
      572.072000
      768.048000
      690.324000
      747.800000
       42.084000
      118.676000
      289.372000
      182.524000
      439.745833
      564.479167
      428.587500
      286.333333
       75.092857
        3.851351
      101.925000
        1.350000
      110.916667
      189.560870
       53.130435
      354.804348
       49.886957
        3.276923
       50.820833
      313.477273
       30.922727
      133.209091
      137.540909
       62.556522
       44.140909
      360.045455
      228.600000
      355.027273
      128.872727
      359.450000
      244.227273
      295.152174
        3.850000
        1.350000
       69.033333
      168.077273
      462.704762
      783.105000
      683.475000
        2.215000
        1.692593
       19.058333
        1.985000
        0.492593
       33.604000
        0.000000
        0.000000
        0.030000
       19.873684
      363.200000
      226.070000
      380.010000
       69.252632
      373.485000
      297.384211
        2.615789
        2.152632
        1.142105
       56.563158
       47.542105
       65.036842
      177.873684
       87.563158
      107.463158
      356.894737
       87.768421
       58.244444
       40.535294
        2.950000
        2.841176
      198.900000
      267.533333
        6.564706
        3.661111
        8.547059
      185.988235
       42.958824
       59.964706
       16.588235
        4.270588
        4.441176
        4.833333
        4.700000
        3.766667
        2.600000
        0.800000
       18.722222
      107.627778
      232.033333
      136.644444
       55.933333
       67.455556
        3.977778
        2.788889
