        0.637609
        0.641680
        0.645552
        0.649227
        0.652705
        0.655984
        0.659067
        0.661951
        0.664638
        0.667127
        0.669419
        0.671513
        0.673410
        0.675108
        0.676610
        0.677913
        0.679019
        0.679927
        0.680638
        0.681151
        0.681467
        0.681584
        0.681505
        0.681227
        0.680752
        0.680080
        0.679209
        0.678141
        0.676876
        0.675413
        0.673752
        0.674439
        0.677379
        0.679992
        0.682280
        0.684243
        0.685879
        0.687190
        0.688175
        0.688835
        0.689169
        0.689177
        0.688859
        0.688216
        0.687246
        0.685952
        0.684331
        0.682385
        0.680113
        0.677515
        0.674592
        0.671343
        0.667768
        0.663868
        0.659642
        0.655090
        0.650212
        0.645009
        0.639480
        0.637034
        0.637679
        0.638008
        0.638023
        0.637722
        0.637107
        0.636176
        0.634930
        0.633369
        0.631493
        0.629301
        0.626795
        0.623973
        0.620837
        0.617385
        0.613618
        0.609536
        0.605139
        0.600427
        0.595399
        0.590057
        0.584399
        0.578426
        0.572138
        0.565535
        0.558617
        0.551384
        0.543835
        0.535972
        0.527793
        0.519299
        0.508799
        0.497015
        0.485882
        0.475400
        0.465568
        0.456387
        0.447856
        0.439975
        0.432745
        0.426166
        0.420237
        0.414959
        0.410331
        0.406353
        0.403026
        0.400350
        0.398324
        0.396948
        0.396223
        0.396149
        0.396724
        0.397951
        0.399828
        0.402355
        0.405533
        0.409362
        0.413841
        0.418970
        0.424750
        0.431180
        0.435977
        0.438494
        0.440799
        0.442892
        0.444773
        0.446443
        0.447900
        0.449146
        0.450180
        0.451002
        0.451612
        0.452010
        0.452196
        0.452170
        0.451933
        0.451484
        0.450822
        0.449949
        0.448864
        0.447568
        0.446059
        0.444338
        0.442406
        0.440262
        0.437906
        0.435338
        0.432558
        0.429566
        0.426362
        0.422947
        0.419319
        0.415026
        0.410459
        0.406204
        0.402260
        0.398628
        0.395308
        0.392299
        0.389602
        0.387217
        0.385144
        0.383382
        0.381932
        0.380794
        0.379967
        0.379452
        0.379249
        0.379357
        0.379777
        0.380509
        0.381553
        0.382908
        0.384575
        0.386553
        0.388844
        0.391446
        0.394359
        0.397585
        0.401122
        0.404970
        0.409131
        0.411260
        0.411228
        0.411335
        0.411582
        0.411968
        0.412494
        0.413159
        0.413964
        0.414907
        0.415991
        0.417213
        0.418576
        0.420077
        0.421718
        0.423498
        0.425418
        0.427477
        0.429676
        0.432014
        0.434491
        0.437108
        0.439864
        0.442759
        0.445794
        0.448969
        0.452282
        0.455736
        0.459328
        0.463060
        0.466932
        0.470942
        0.474671
        0.477965
        0.481197
        0.484366
        0.487472
        0.490516
        0.493497
        0.496415
        0.499271
        0.502064
        0.504795
        0.507463
        0.510068
        0.512611
        0.515091
        0.517508
        0.519863
        0.522155
        0.524384
        0.526551
        0.528655
        0.530697
        0.532676
        0.534592
        0.536446
        0.538237
        0.539965
        0.541631
        0.543234
        0.544774
        0.546252
        0.547705
        0.549236
        0.550842
        0.552523
        0.554278
        0.556107
        0.558011
        0.559990
        0.562043
        0.564171
        0.566373
        0.568649
        0.571001
        0.573426
        0.575927
        0.578502
        0.581151
        0.583875
        0.586673
        0.589546
        0.592494
        0.595516
        0.598613
        0.601784
        0.605030
        0.608350
        0.611745
        0.615214
        0.618758
        0.622376
        0.627962
        0.635107
        0.641783
        0.647988
        0.653724
        0.658990
        0.663786
        0.668113
        0.671969
        0.675356
        0.678273
        0.680720
        0.682698
        0.684206
        0.685243
        0.685811
        0.685910
        0.685538
        0.684697
        0.683386
        0.681605
        0.679354
        0.676634
        0.673443
        0.669783
        0.665653
        0.661053
        0.655984
        0.650445
        0.644436
        0.637957
        0.632135
        0.627520
        0.623170
        0.619084
        0.615263
        0.611705
        0.608412
        0.605383
        0.602619
        0.600118
        0.597882
        0.595910
        0.594203
        0.592760
        0.591581
        0.590666
        0.590015
        0.589629
        0.589507
        0.589649
        0.590056
        0.590727
        0.591662
        0.592861
        0.594325
        0.596053
        0.598045
        0.600301
        0.602822
        0.605607
        0.612432
        0.622335
        0.631217
        0.639079
        0.645921
        0.651743
        0.656545
        0.660326
        0.663087
        0.664828
        0.665549
        0.665250
        0.663930
        0.661591
        0.658231
        0.653850
        0.648450
        0.642029
        0.634589
        0.626128
        0.616647
        0.606145
        0.594624
        0.582082
        0.568520
        0.553938
        0.538335
        0.521713
        0.504070
        0.485407
        0.465724
