       10.048707
        2.856757
        3.139824
        0.769005
        8.861270
       12.323820
       14.499700
       11.376620
        9.676454
        3.952893
        6.296922
       13.677642
        3.128368
        0.908247
       14.663794
        4.054241
        6.944839
        3.626820
        5.627502
        1.988168
        1.273097
        4.969362
        1.226742
        9.027832
        8.529909
       11.837177
        5.013426
       18.497362
       11.938524
        6.485340
       19.628749
       16.252213
        5.855929
        3.904247
        5.596304
        3.756015
       20.571719
        2.017250
        5.985125
       16.043526
       11.538952
       18.951750
       22.294621
        3.596856
        9.520997
       16.022023
        5.754053
       16.853599
       19.571290
        5.445958
       25.691251
        3.570242
       24.328087
       14.648812
       32.179058
       25.877730
       12.818218
       19.986020
       23.274957
       10.451276
        8.072877
        4.199828
        2.642430
       14.865607
       32.563825
       35.335274
       36.141293
       37.063817
       36.461374
       29.643792
       38.244908
       36.601850
       36.674115
       11.252183
       30.458447
       41.071702
       36.634457
       33.438231
       40.154818
       38.794122
        3.275189
        4.417857
       21.111415
       26.283647
       22.386275
       41.189441
       44.565625
       42.706300
       42.510480
       41.300482
       40.650626
       40.263744
       15.351545
       23.921641
        6.297627
       29.458370
       37.067518
       15.632145
       49.774166
       49.946544
       49.829510
       46.413492
       50.041722
       42.939663
       39.905768
       54.479672
       53.364677
        5.705935
        5.785603
       52.126126
       21.118818
       43.470899
       54.640946
       48.031875
       45.340622
       26.220900
       11.608044
        5.905105
       16.685274
        5.189505
       21.646176
       10.535702
        4.350351
       45.198736
       57.786411
       34.732655
       23.270022
       47.689057
       25.123530
       44.500586
       36.228187
       28.686545
       26.131715
       23.507791
       25.772329
       39.039294
       45.452545
       62.191401
       54.894226
       54.767146
       57.244071
       43.716776
       50.197885
       54.054543
       48.870677
       37.697105
       14.173274
       43.215856
       37.052713
       14.477668
       61.688895
       50.626363
       46.890441
       49.929095
       26.156743
       58.840246
       59.834858
       58.984952
       61.096146
       57.446061
       60.898739
       59.934619
       52.920335
       42.295447
       52.773866
       62.281115
       60.863841
       58.187217
       59.178128
       49.433463
       48.349665
       64.941523
       57.341012
       40.073917
       49.265315
       41.951924
       59.680105
       59.138118
       31.711451
       14.428669
       45.952407
       61.185332
       15.087161
       62.712766
       34.643469
       26.247691
       59.818995
       34.205473
        8.304125
       10.644452
        3.945314
       18.451536
       33.217206
       33.324017
       40.153056
       48.060252
       59.795553
       57.685592
       61.687309
       56.940558
       22.617170
       16.777632
        5.605822
       50.542818
       49.446682
       55.948061
        8.940233
       15.596893
       30.207282
       24.545587
        6.424179
       45.259368
       53.067862
       36.384879
       25.406774
       46.297340
       49.535515
       39.356378
       39.578461
       49.666297
       31.489897
       24.988871
       14.022927
       42.304436
       13.139356
       31.447596
       24.317335
       28.899639
       50.395821
       45.799593
       33.025263
       29.523938
       48.903990
       49.492509
       18.477445
       37.823656
       24.487951
        8.032867
       35.429219
       48.164596
       21.369630
       37.265101
        8.561988
       22.378519
       40.033730
       12.961337
       29.977268
       28.464991
       40.823710
       42.364363
       42.838140
       33.510496
       27.642052
       22.612058
        8.920140
       25.617223
       26.912705
       29.339398
       40.312039
       32.225590
       17.553688
       22.268007
       26.296866
       15.626152
       25.571044
       41.565571
       28.633668
       23.080371
       31.970547
       37.108586
       31.328446
       32.741315
       10.360504
       16.801427
       24.655923
       14.580954
       18.880014
       26.637569
       22.129646
       15.005731
       17.991860
       31.675847
       19.237109
       10.319965
       20.113982
        4.484129
       28.892060
       20.703206
        8.295841
       22.867453
       28.592777
       27.516558
       20.083842
       11.585659
        4.902384
        9.998650
       14.687941
       11.048079
       21.131861
        3.232183
       14.430079
       20.202110
       17.470142
       22.064607
       22.828148
       22.602541
       13.087184
       12.873562
        1.195721
        4.900093
       20.136014
       21.467981
       14.742757
        4.713967
        5.470810
        8.417458
        8.862857
        8.576793
        9.469882
        9.420354
        8.683252
       10.098764
       14.005302
        8.963675
       11.569796
       15.997523
       15.632321
       11.132153
        2.317590
        4.782178
        3.210327
       12.728680
        4.591821
        4.829414
        1.077277
        2.074181
        3.398216
        1.800279
        1.963844
        1.540830
        1.625785
        2.958104
        2.283749
        3.019265
        6.524645
       11.470212
        6.759770
        5.369815
        1.994513
        6.881916
        1.037972
        0.483823
        9.553075
       13.376597
        6.169841
       12.367707
       14.877945
       10.546278
        2.174647
        5.028936
        0.575652
        1.524791
        3.202043
        2.345967
       15.081168
