        0.000000
        1.933000
        0.000000
        5.364000
        6.804000
        0.000000
        0.121000
        0.000000
        3.632000
        5.488000
        0.066000
        0.033000
        1.704000
       10.146000
        0.197000
        2.501000
        2.281000
        0.619000
        0.106000
        2.425000
        2.955000
        0.005000
        1.874000
        5.649000
        0.003000
        6.843000
        8.063000
        0.000000
        0.136000
        0.076000
        0.616000
        7.189000
        7.421000
        0.019000
        2.958000
        1.403000
        0.000000
        1.075000
        0.735000
        0.996000
        2.927000
        2.371000
        0.845000
        8.942000
        0.422000
        2.091000
        1.512000
        0.000000
        0.000000
        0.424000
        0.018000
        6.689000
        1.712000
        0.597000
        0.000000
        0.000000
        9.712000
        7.749000
        2.343000
        6.871000
        0.797000
        1.724000
        0.511000
        0.953000
        0.299000
        0.000000
        0.000000
        0.000000
        0.000000
        0.000000
        0.000000
        0.000000
        0.000000
        1.732000
        0.425000
        0.000000
        0.394000
        1.667000
        0.000000
        0.000000
       10.804000
        6.114000
        3.944000
        0.205000
        0.407000
        0.074000
        0.000000
        0.000000
        0.000000
        0.000000
        0.000000
        0.000000
        0.000000
        0.000000
        1.304000
        0.552000
        0.000000
       16.540000
        0.938000
        0.000000
        0.000000
        0.385000
        1.249000
        0.887000
        1.430000
        0.000000
        0.000000
        7.136000
        0.968000
        0.000000
        8.182000
        1.377000
        2.396000
        0.074000
        1.348000
        6.734000
       14.199000
        8.704000
        1.174000
       12.731000
        3.197000
        5.121000
        2.316000
        0.087000
        0.000000
        0.000000
        8.512000
        1.970000
        6.011000
        1.651000
        7.282000
        4.875000
        8.736000
        5.508000
        1.418000
        0.089000
        0.000000
        0.000000
        0.000000
        0.000000
        0.000000
        1.902000
       15.818000
        1.863000
        5.281000
       12.926000
       10.481000
        1.041000
        0.561000
        1.133000
        0.000000
        0.000000
        1.483000
        1.591000
        1.866000
        0.628000
        0.000000
        0.000000
        0.000000
        0.000000
        2.869000
        4.149000
        2.596000
        3.131000
        0.000000
        0.000000
        0.000000
        0.000000
        0.000000
        0.000000
        0.771000
        0.004000
        0.000000
        3.617000
        7.466000
        0.086000
        0.067000
        0.268000
        2.798000
       11.742000
        2.819000
        0.075000
        7.018000
        0.000000
        3.157000
        2.064000
        4.951000
       11.845000
       18.889000
        9.912000
        5.235000
       16.142000
        8.298000
        6.434000
       10.088000
        0.503000
        0.000000
        0.000000
        0.000000
        0.000000
        6.670000
        7.607000
       23.930000
        0.209000
        0.000000
        0.000000
       12.128000
        1.373000
        9.936000
       13.310000
       11.493000
        3.272000
        0.000000
        9.647000
       13.446000
        4.428000
        4.288000
        0.224000
        3.669000
        0.907000
        6.954000
        5.282000
       12.786000
        0.020000
       22.102000
        1.298000
        8.896000
        3.671000
        0.000000
        0.059000
        2.129000
        0.622000
        0.443000
        0.114000
        1.502000
        5.128000
        0.000000
       10.950000
        7.157000
        0.003000
       10.241000
        1.514000
        8.220000
        2.902000
        0.222000
        0.226000
        0.000000
        3.997000
        2.451000
        1.196000
        4.041000
       11.755000
        1.909000
        2.560000
        5.118000
        1.386000
        0.237000
        0.000000
        0.935000
        1.103000
        0.546000
        1.182000
        8.420000
       16.005000
        3.650000
        0.006000
        4.169000
        2.008000
        0.000000
        0.000000
        0.000000
        0.000000
        3.348000
        1.651000
        0.000000
        0.000000
        0.000000
        0.824000
        1.016000
        2.841000
        1.090000
        1.245000
        2.446000
        5.482000
        0.240000
       10.905000
        2.113000
        1.386000
        4.002000
       11.207000
        0.000000
        0.000000
        4.516000
       13.989000
       13.411000
        2.467000
        0.000000
        0.931000
        0.000000
        0.000000
        0.000000
        0.000000
        0.000000
        0.000000
        0.000000
        0.000000
        0.000000
        0.669000
       35.778000
        2.117000
        0.000000
        0.000000
        0.965000
        5.366000
        0.001000
       14.000000
        3.839000
        0.248000
       21.201000
        9.140000
       13.516000
        5.040000
        0.191000
        0.000000
        0.000000
        0.000000
        0.000000
        0.000000
        0.000000
        0.265000
        1.018000
        0.000000
        0.000000
        0.105000
        5.048000
        0.965000
        0.325000
        0.052000
        0.295000
        1.483000
        0.728000
        1.926000
        1.648000
        0.715000
        3.538000
        0.160000
        0.000000
        0.284000
        1.649000
        2.442000
        6.352000
        5.809000
        3.088000
        3.356000
        0.929000
        0.000000
        0.000000
        0.071000
        5.104000
        2.380000
       12.666000
        3.870000
        3.933000
        2.880000
        0.709000
