        2.613000
        2.325000
        2.646000
        3.684000
        1.603000
        3.439000
        7.576000
        7.949000
        5.962000
        1.555000
        2.006000
        3.454000
        1.651000
        0.928000
        0.053000
        2.383000
        2.072000
       -0.974000
       -1.334000
        0.106000
        0.033000
        1.020000
       -0.937000
       -1.900000
       -3.470000
        0.908000
       -0.246000
        0.639000
       -1.977000
       -2.170000
        0.418000
        1.272000
       -0.118000
       -0.771000
        0.537000
       -0.086000
        4.165000
        2.342000
        0.449000
        1.505000
        4.637000
        1.838000
        2.392000
        1.847000
        1.582000
        5.912000
        1.057000
        3.143000
        2.902000
        3.001000
        5.080000
        2.195000
        2.196000
        3.092000
        5.137000
        5.340000
        3.632000
        1.651000
        3.527000
        0.744000
        0.649000
        0.538000
        0.001000
        3.310000
        4.108000
        5.352000
        7.904000
        8.204000
        7.440000
        6.739000
        7.816000
        9.553000
       10.965000
        5.920000
        8.225000
       11.373000
       11.912000
        8.150000
       11.615000
       11.983000
        4.837000
       -0.535000
        0.134000
        0.824000
        0.180000
        4.984000
        8.568000
       11.042000
       13.456000
       12.053000
       12.677000
       14.509000
       13.398000
       10.947000
        7.878000
       10.998000
       13.820000
        8.344000
        8.097000
       10.537000
       12.897000
       13.102000
       11.516000
        8.876000
        4.743000
        4.870000
        7.492000
        3.733000
        1.776000
        8.260000
        7.702000
       11.843000
       14.088000
       14.601000
       13.813000
       11.529000
        4.906000
        4.378000
        5.886000
        5.952000
        8.192000
        7.583000
        3.245000
        6.395000
       11.079000
       13.408000
        9.180000
       11.861000
       11.770000
       13.869000
        7.855000
        5.369000
        4.466000
        4.555000
        5.336000
        8.491000
        9.943000
       13.658000
       16.620000
       18.269000
       19.406000
       16.811000
       11.428000
       11.666000
       15.087000
       12.222000
        9.619000
       11.422000
       13.067000
        9.664000
       10.718000
       13.862000
       13.628000
       13.956000
       11.914000
       12.788000
       18.473000
       22.428000
       24.808000
       25.902000
       24.775000
       21.608000
       20.964000
       19.037000
       15.464000
       15.035000
       15.691000
       15.157000
       16.184000
       16.626000
       15.543000
       16.210000
       18.742000
       16.809000
       14.713000
       15.320000
       15.753000
       18.132000
       17.572000
       11.358000
       11.549000
       15.451000
       12.134000
       17.287000
       19.551000
       15.659000
       21.126000
       16.260000
       10.159000
        8.683000
        8.204000
       12.808000
       14.787000
       14.543000
       15.001000
       17.429000
       20.099000
       21.756000
       23.408000
       24.631000
       18.328000
       13.413000
       14.437000
       18.462000
       18.740000
       19.385000
       13.693000
       15.237000
       16.687000
       13.267000
       13.431000
       17.792000
       18.282000
       18.453000
       14.992000
       16.994000
       16.907000
       16.873000
       17.600000
       19.505000
       17.260000
       19.678000
       13.214000
       15.112000
       13.158000
       11.794000
        9.786000
       10.641000
       13.299000
       14.286000
       13.292000
       13.186000
       13.508000
       14.240000
       11.725000
       10.803000
       11.649000
       12.922000
       14.812000
       16.891000
       15.956000
       16.052000
       11.153000
       11.250000
       12.850000
       12.041000
       15.129000
       16.965000
       18.173000
       18.573000
       19.535000
       18.300000
       15.420000
       12.120000
        8.437000
       11.887000
       14.416000
       15.070000
       16.510000
       16.564000
       16.856000
       17.292000
       16.334000
       13.138000
       10.194000
        9.610000
       10.957000
        9.802000
       11.775000
       13.968000
       14.422000
       16.558000
       14.192000
       14.440000
       13.557000
       11.509000
       11.600000
       12.962000
       12.040000
       12.146000
       13.786000
       17.298000
       14.709000
       12.986000
       12.730000
       11.252000
       13.443000
       12.740000
       11.615000
       13.422000
       14.675000
       14.898000
       15.121000
       12.389000
        1.731000
        4.087000
        5.061000
        7.565000
       10.306000
        4.644000
        7.963000
        8.069000
       10.094000
       10.354000
       10.106000
        9.742000
       10.576000
       10.101000
        1.417000
        0.761000
        4.444000
        7.161000
        6.026000
        6.075000
        3.783000
        4.755000
        6.768000
        5.048000
        6.524000
        5.055000
        4.518000
        3.793000
        5.367000
        1.998000
        4.328000
        8.529000
        5.666000
       10.701000
        4.533000
        4.684000
        3.516000
        2.994000
       -0.363000
       -0.337000
       -0.662000
       -0.154000
        0.041000
        0.121000
       -0.152000
       -0.721000
       -0.154000
       -0.269000
       -1.512000
       -2.187000
        2.087000
        2.834000
        6.177000
        6.637000
        5.202000
        3.577000
        1.137000
        4.150000
        6.468000
        2.154000
        1.611000
        0.804000
        4.782000
        2.225000
        1.301000
       -1.262000
       -2.247000
       -5.704000
      -10.295000
       -5.624000
       -2.849000
