      118.355556
       60.455556
      107.083333
       79.222222
       69.722222
      326.127778
      398.638889
      283.966667
      241.600000
       10.861111
       19.050000
       72.905556
        3.394444
        2.583333
       62.283333
      208.811111
       25.955556
        3.238889
        3.510526
        2.442105
        1.842105
      105.352632
        3.984211
        3.910526
        6.394737
      199.763158
       78.505263
      196.347368
      161.994737
       89.715789
      162.015789
      186.155000
        3.840000
       11.340000
       22.120000
       21.650000
      308.385000
       77.270000
       87.523810
      152.657143
      443.100000
      147.119048
      180.300000
       31.057143
      185.361905
      238.338095
       18.295238
      155.447619
      179.385714
       88.647619
      248.361905
       21.181818
      203.763636
      123.686364
      350.436364
      397.595455
      122.540909
      111.243478
      188.139130
       78.865217
       34.160870
       63.139130
       16.526087
      129.360870
      266.778261
      337.973913
      483.952174
      562.591667
      474.870833
      516.100000
      548.141667
      568.245833
      662.479167
      267.991667
      401.095833
      718.391667
      772.700000
      496.140000
      763.888000
      676.320000
       33.080000
        0.572000
       42.561538
      169.719231
       97.976923
      333.773077
      562.169231
      788.561538
      986.811538
      761.269231
      736.703846
      977.234615
      824.196154
      465.369231
        3.419231
      323.853846
      645.584615
      175.140741
      603.885714
      696.860714
      776.446429
      741.214286
      683.153571
      520.307143
      439.825000
      455.785714
      643.117857
      203.142857
        6.732143
      365.050000
      144.850000
      530.525000
      781.814286
      772.172414
      660.320690
      264.955172
        4.282759
        0.806897
       32.551724
       20.168966
       60.976667
        8.233333
        2.806667
      360.396667
      676.756667
      800.036667
      159.353333
      437.520000
      248.416667
      588.180000
      347.593333
      159.966667
       46.929032
       32.154839
      167.854839
      435.841935
      535.512903
      843.580645
     1138.887097
     1373.396774
     1344.638710
      809.280645
      405.535484
      590.500000
      691.296875
      321.731250
      112.596875
      415.640625
      570.281250
       92.384375
      559.987500
      790.068750
      624.143750
      629.375000
      260.753125
      603.390625
     1124.315625
     1579.693750
     1989.518750
     2147.296875
     1986.515625
     1180.834375
      799.731250
      647.290625
      688.156250
      889.590625
      953.584375
      788.684375
      914.121875
      861.062500
      752.475000
     1023.196875
     1291.084375
      697.656250
      469.375000
      587.631250
      912.196875
     1129.603125
      699.462500
       47.984375
      350.515152
      869.809375
       48.171875
      832.825000
      899.318750
      261.615625
     1104.328125
      332.765625
        4.931250
       13.981250
        0.178125
       17.125000
      234.153125
      244.971875
      271.409375
      775.600000
     1086.350000
     1250.128125
     1799.821875
     1857.725000
      492.650000
       41.343750
        0.000000
      539.493750
      906.906452
     1013.145161
       33.783871
      162.614706
      358.874194
       96.361290
        0.000000
      545.886667
      629.343333
      556.260000
       86.486667
      480.590000
      661.243333
      658.060000
      595.793333
      781.366667
      350.566667
      548.160000
      186.570000
      609.473333
      317.206667
      315.406667
       54.040000
      195.113333
      488.290000
      480.065517
      428.571429
      560.314286
      638.817857
      703.546429
      348.203571
      432.939286
      346.228571
       15.100000
      392.275000
      567.146429
      240.997059
      463.296429
       83.117857
      282.357143
      445.928571
      147.696429
      379.170370
      424.622222
      608.748148
      679.714815
      741.733333
      489.523077
      425.111538
      383.038462
       39.576923
      185.292308
      337.057692
      349.800000
      493.323077
      469.738462
      400.892000
      435.972000
      298.736000
       50.096000
      298.457692
      482.540000
      350.684000
      223.852000
      395.888000
      490.940000
      354.064000
      580.188000
      125.224000
      213.632000
      277.108333
      152.504348
      144.444000
      220.308696
      201.282609
      227.408696
      258.378261
      828.373913
      362.665217
       43.878261
      136.960870
       67.339130
      446.065217
      263.443478
      124.817391
      276.630435
      449.345455
      476.431818
      391.122727
      241.890909
       44.040909
       81.766667
      125.652381
      170.923810
      264.761905
        4.495238
      160.361905
      131.252381
      298.066667
      382.842857
      263.947619
      335.457143
      458.919048
      417.723810
        3.760000
        2.730000
      173.915000
      232.525000
      155.435000
      132.015000
        2.736842
        1.952632
       38.184211
       18.068421
       67.078947
       81.805263
       62.900000
       27.973684
      153.884211
       14.968421
      100.526316
      313.463158
      139.173684
      392.294737
        2.447368
        0.863158
        0.757895
       11.236842
        1.778947
        0.973684
        0.626316
        0.763158
        0.666667
        0.033333
        0.000000
        0.221053
        1.358824
        0.105882
        2.317647
       31.676471
       82.229412
      209.952941
      438.882353
      422.641176
        5.558824
      130.617647
        6.317647
        0.141176
       75.827778
      136.850000
      100.244444
       93.711111
      394.877778
      153.061111
       17.116667
       29.411111
        3.655556
        4.733333
       15.516667
        5.011111
        4.300000
