        0.436848
        0.419281
        0.402698
        0.387099
        0.372483
        0.358850
        0.346201
        0.334536
        0.323854
        0.314156
        0.305441
        0.297709
        0.290961
        0.285197
        0.280416
        0.276619
        0.273805
        0.271974
        0.271128
        0.271264
        0.272384
        0.274488
        0.277575
        0.281646
        0.286700
        0.292738
        0.299759
        0.307764
        0.316752
        0.326724
        0.337679
        0.344194
        0.345600
        0.347098
        0.348689
        0.350373
        0.352149
        0.354017
        0.355978
        0.358032
        0.360178
        0.362416
        0.364747
        0.367170
        0.369686
        0.372295
        0.374995
        0.377789
        0.380674
        0.383653
        0.386724
        0.389887
        0.393143
        0.396491
        0.399932
        0.403465
        0.407090
        0.410809
        0.414619
        0.420805
        0.428850
        0.436298
        0.443150
        0.449406
        0.455066
        0.460129
        0.464597
        0.468468
        0.471743
        0.474421
        0.476504
        0.477990
        0.478881
        0.479175
        0.478872
        0.477974
        0.476480
        0.474389
        0.471702
        0.468419
        0.464539
        0.460064
        0.454992
        0.449324
        0.443060
        0.436200
        0.428743
        0.420691
        0.412042
        0.402797
        0.394450
        0.387684
        0.381233
        0.375098
        0.369277
        0.363772
        0.358581
        0.353706
        0.349146
        0.344901
        0.340971
        0.337356
        0.334056
        0.331071
        0.328401
        0.326047
        0.324007
        0.322282
        0.320873
        0.319779
        0.319000
        0.318535
        0.318386
        0.318552
        0.319033
        0.319830
        0.320941
        0.322367
        0.324109
        0.326165
        0.326637
        0.325334
        0.324092
        0.322912
        0.321794
        0.320736
        0.319740
        0.318806
        0.317933
        0.317121
        0.316371
        0.315682
        0.315055
        0.314489
        0.313984
        0.313541
        0.313159
        0.312839
        0.312580
        0.312382
        0.312246
        0.312171
        0.312158
        0.312206
        0.312316
        0.312487
        0.312719
        0.313013
        0.313368
        0.313785
        0.314263
        0.314655
        0.314889
        0.315086
        0.315245
        0.315367
        0.315452
        0.315499
        0.315509
        0.315482
        0.315418
        0.315316
        0.315177
        0.315001
        0.314788
        0.314537
        0.314249
        0.313924
        0.313561
        0.313161
        0.312724
        0.312250
        0.311738
        0.311190
        0.310603
        0.309980
        0.309319
        0.308621
        0.307886
        0.307114
        0.306304
        0.305698
        0.305319
        0.304933
        0.304540
        0.304139
        0.303732
        0.303318
        0.302897
        0.302469
        0.302034
        0.301593
        0.301144
        0.300688
        0.300225
        0.299755
        0.299279
        0.298795
        0.298304
        0.297807
        0.297302
        0.296791
        0.296272
        0.295747
        0.295215
        0.294675
        0.294129
        0.293576
        0.293016
        0.292448
        0.291874
        0.291293
        0.287580
        0.281210
        0.275467
        0.270351
        0.265862
        0.262001
        0.258767
        0.256160
        0.254181
        0.252828
        0.252103
        0.252005
        0.252534
        0.253691
        0.255474
        0.257885
        0.260923
        0.264589
        0.268881
        0.273801
        0.279348
        0.285522
        0.292323
        0.299752
        0.307808
        0.316491
        0.325801
        0.335739
        0.346303
        0.357495
        0.369314
        0.379519
        0.387505
        0.395310
        0.402937
        0.410384
        0.417651
        0.424738
        0.431646
        0.438375
        0.444924
        0.451293
        0.457483
        0.463493
        0.469324
        0.474975
        0.480447
        0.485739
        0.490851
        0.495784
        0.500538
        0.505111
        0.509506
        0.513720
        0.517755
        0.521611
        0.525287
        0.528783
        0.532100
        0.535237
        0.538195
        0.546934
        0.560818
        0.573674
        0.585501
        0.596299
        0.606068
        0.614809
        0.622522
        0.629205
        0.634860
        0.639486
        0.643084
        0.645653
        0.647194
        0.647705
        0.647189
        0.645643
        0.643069
        0.639466
        0.634835
        0.629174
        0.622486
        0.614768
        0.606022
        0.596248
        0.585444
        0.573612
        0.560752
        0.546863
        0.531945
        0.515998
        0.501411
        0.489390
        0.477952
        0.467097
        0.456825
        0.447135
        0.438028
        0.429504
        0.421563
        0.414204
        0.407428
        0.401235
        0.395624
        0.390597
        0.386152
        0.382289
        0.379010
        0.376313
        0.374199
        0.372667
        0.371719
        0.371353
        0.371570
        0.372369
        0.373752
        0.375717
        0.378264
        0.381395
        0.385108
        0.389404
        0.392152
        0.392792
        0.393268
        0.393581
        0.393730
        0.393715
        0.393536
        0.393193
        0.392687
        0.392017
        0.391183
        0.390185
        0.389024
        0.387699
        0.386210
        0.384557
        0.382741
        0.380761
        0.378617
        0.376309
        0.373838
        0.371202
        0.368403
        0.365441
        0.362314
        0.359024
        0.355570
        0.351952
        0.348170
        0.344225
        0.340116
