        8.458525
        1.949744
        7.152116
       13.367608
       11.865554
        3.334411
        8.966143
       13.670063
        5.933834
       14.261225
       13.726289
       11.034331
       12.754589
       14.753861
        5.193912
        8.787067
       15.675504
        1.508046
        2.936249
        1.402293
        2.080350
       10.613608
        8.184800
        5.717921
        3.648675
        5.582204
        3.811360
       14.525433
       12.387448
       17.249117
        8.921197
       10.839568
        4.407986
        8.682547
       17.490235
        5.772737
       16.627286
       18.736013
       20.453099
       21.440132
       12.175059
        3.305153
        2.618812
        4.945567
        7.686348
       13.382589
        4.195950
       19.346211
        5.580089
        5.169060
       13.494688
        6.858650
        3.045351
        4.074157
       16.540568
       12.174531
       11.847400
        6.622290
       25.078056
       30.626066
       30.882166
       25.489790
       26.664713
        8.869907
        3.709836
       17.998910
        6.013502
        9.811466
       31.364403
       31.367047
        4.224504
       27.981345
       32.364479
       36.124548
       38.415348
       31.420981
       38.770151
       38.338500
       30.927993
       32.407838
       18.737247
       29.850187
       28.166238
       30.499867
       24.174039
        8.142675
       32.260312
       26.830393
       17.306048
       13.843499
       44.230562
       43.212684
       43.250050
       44.413339
       23.867530
       39.581281
        7.164806
        7.635057
        4.099715
       34.104302
       33.265324
       13.313673
       17.843805
       43.433885
       45.167539
       19.064025
       12.442440
       13.501210
       14.967836
        7.784346
       30.417379
       53.888509
       26.474180
       15.681320
       12.222825
       31.824431
        5.442785
       38.771032
       44.106301
       53.024150
       52.624049
       45.678857
       20.809841
       23.195290
       19.223008
       10.266207
       12.703299
       46.247812
       38.471926
       27.690523
       58.974905
       52.501727
       36.961588
       12.360481
       39.896603
       14.872658
       48.509176
       12.709468
       49.071962
       57.444298
       22.033939
       33.222670
        8.837828
       46.836331
       61.860040
       61.156602
       60.638057
       59.026196
       58.549071
       15.104082
       42.159378
       55.855879
       60.930289
       59.140233
       24.799572
       35.901056
       24.219161
       33.657141
       50.915599
       44.809563
       60.459157
       61.404594
       51.357121
       39.155975
       16.731806
       48.115597
       54.930711
       49.573410
       60.955670
       64.935530
       64.707631
       56.948314
       48.455418
       53.620953
       55.470407
       34.475321
       60.885344
       57.463862
       52.153269
       41.500356
       35.782259
       25.335742
       30.428307
       55.286572
       31.143378
       55.116838
       20.393524
       20.659671
       25.695657
       55.752769
       23.512903
       27.959666
       56.013628
       58.966269
       62.125129
       55.920212
       32.505837
       56.390111
       30.325021
       36.125430
       47.002011
       44.966254
       45.565701
       43.819180
       25.651946
       23.199696
       38.086983
       55.722277
       54.111297
       32.578630
       22.266949
       35.916566
       50.419615
        4.439007
       12.965920
       36.305035
       54.005543
       32.237751
       36.752196
       53.573892
       58.293499
       56.836744
       49.421830
       53.145238
       40.023860
       16.239347
        8.722909
       27.789402
       51.535316
       38.577856
       39.226654
        8.729431
        2.517464
        2.438326
       33.723060
       28.777670
       19.733974
       36.305035
       37.032267
       42.416006
       49.767820
       48.178520
       46.709074
       42.733267
       37.133614
       43.216737
       24.182852
       33.769768
       44.039677
       44.150718
       43.128081
       32.565059
       23.613898
       19.331758
       17.757087
       24.778421
       16.118082
       29.074308
       29.911701
        8.330564
        5.669627
       10.471193
       28.369284
       38.418168
       37.233551
       36.154159
       34.610509
       30.983513
       22.295679
       12.446141
       21.345483
       10.627003
       17.176500
        6.408844
        4.162638
        2.070303
       12.639494
       11.222925
       10.388352
       18.337322
       27.656153
       30.366441
       16.184531
       23.575298
       27.628481
       27.803855
       28.060836
       13.654552
        6.068494
       10.659787
        7.029089
       11.250597
       16.892551
       15.943589
       16.236174
        1.764323
       12.729737
       14.913549
       18.813742
       22.959988
       23.098701
       21.818554
       21.802691
       16.268076
        8.971959
       12.084640
       19.130121
        7.982105
        5.738014
       10.058049
       10.656967
       15.666338
       16.416660
        8.452885
        4.219745
       15.930546
       10.893855
        2.081936
       12.532507
        6.231002
       16.903127
       14.387072
       16.234411
       13.955069
        4.338894
        8.844702
        8.751815
       14.325206
        9.836671
       13.168086
        9.687559
        1.893871
        5.438379
        2.592373
        4.208288
        9.238634
        3.148285
        1.655749
        6.323537
        9.578809
        1.065644
        0.982803
        7.337714
        2.691253
        6.131241
       11.457345
        3.569008
        2.696893
       12.600013
        0.270377
        1.197483
        4.696870
        4.539650
        3.455146
        1.862145
        5.098029
        4.829943
        3.782806
        1.925244
        2.191743
        4.022514
        4.589177
        2.764752
       12.954463
        4.861493
