        0.767000
        9.031000
        1.308000
        0.005000
        0.894000
        7.007000
        0.003000
        0.000000
        1.085000
        0.000000
        0.000000
        2.984000
        2.138000
        0.000000
        0.000000
        0.000000
        0.000000
        9.280000
        2.014000
        8.392000
       19.132000
        5.190000
        1.157000
        6.468000
        2.720000
        1.068000
        0.158000
        0.314000
        0.000000
        0.000000
        3.147000
       10.281000
        4.427000
        2.795000
        0.005000
        0.000000
        0.000000
        0.000000
        0.000000
        0.000000
        1.292000
        4.825000
       13.394000
       13.936000
        9.186000
        5.537000
        3.267000
        0.791000
        0.278000
        3.694000
        3.274000
        2.666000
        1.265000
        1.190000
        0.472000
        0.001000
        0.000000
        2.865000
        0.144000
        0.000000
        0.000000
        0.000000
        0.000000
        2.413000
        2.517000
        0.510000
        3.248000
        4.207000
        0.911000
        0.146000
        5.925000
        0.606000
        0.313000
        0.157000
        0.000000
        0.000000
        0.000000
        0.000000
        0.210000
        0.000000
        2.568000
        0.903000
        3.983000
        7.259000
        3.025000
        7.122000
        1.349000
        2.060000
        5.362000
        1.334000
        0.001000
        0.000000
        0.000000
        0.000000
        0.000000
        0.563000
        1.667000
       14.590000
       14.321000
        0.212000
        0.000000
        0.000000
        0.082000
        0.070000
        2.282000
        8.675000
        6.215000
        5.297000
       11.369000
        9.399000
        1.468000
        0.000000
        1.541000
        3.990000
       16.936000
        1.371000
        2.330000
        0.009000
        0.000000
        0.000000
        0.109000
        0.000000
        7.827000
        4.614000
        6.038000
        4.263000
       11.447000
        6.565000
        3.902000
        1.997000
        0.010000
        0.000000
        0.540000
        5.282000
        2.811000
       22.595000
        0.276000
        1.852000
        0.000000
        0.000000
        8.072000
       15.302000
       26.099000
        0.019000
        0.000000
        0.000000
        0.000000
        0.000000
        0.000000
        4.527000
        0.194000
        0.000000
        0.000000
        0.339000
        5.807000
        1.188000
        2.353000
        3.847000
        0.000000
        0.000000
        0.000000
        0.000000
        2.352000
        5.286000
       16.619000
        2.773000
        0.104000
        0.000000
        0.113000
        0.000000
        0.000000
        0.000000
        0.000000
        0.000000
        3.130000
        8.099000
        0.152000
        0.000000
        0.000000
       15.496000
        4.197000
        8.281000
        0.062000
        0.000000
        6.212000
        2.737000
        5.769000
        5.870000
        4.191000
        0.079000
        4.798000
        5.580000
        0.063000
        0.000000
        0.000000
        0.000000
        4.674000
        0.036000
       19.153000
        4.557000
        0.606000
        3.227000
        0.475000
        0.240000
        1.006000
       17.079000
        4.490000
        2.302000
        2.989000
       10.352000
        3.202000
        0.105000
        2.140000
       37.252000
        4.664000
        0.796000
        0.465000
        6.594000
        8.096000
        1.402000
        0.000000
        0.000000
        0.000000
        0.135000
        3.201000
       10.671000
        5.281000
        1.792000
        0.000000
        0.633000
        4.901000
        6.732000
       28.771000
       26.543000
        6.245000
        0.847000
        1.218000
        1.525000
        2.925000
        1.022000
        0.000000
        0.000000
        0.000000
        0.700000
        5.559000
        1.469000
        0.000000
        0.000000
        0.000000
        0.000000
        0.000000
       13.194000
        7.593000
       15.887000
        2.055000
        1.258000
        0.715000
        0.133000
        5.789000
        6.578000
        0.077000
        0.000000
        0.000000
        0.000000
        0.000000
        0.000000
        0.000000
        0.532000
        1.214000
        0.582000
        2.502000
        7.606000
        0.343000
       14.225000
       22.075000
        8.692000
        8.755000
        0.402000
        0.000000
        0.000000
        0.000000
        0.000000
        0.000000
        0.000000
        0.000000
        0.000000
        0.000000
        0.000000
        0.000000
        0.000000
        0.000000
        1.093000
        0.000000
        0.000000
        0.772000
        6.473000
        0.015000
        0.000000
        0.000000
        0.000000
        0.000000
        0.000000
        0.000000
        0.000000
        5.204000
        0.034000
        0.091000
        1.039000
       11.133000
        0.007000
        0.000000
        0.000000
        0.000000
        0.250000
        0.019000
        0.000000
        0.000000
        0.000000
        0.000000
        4.414000
        0.842000
        1.270000
        0.214000
        0.000000
        2.040000
        0.176000
        0.000000
        0.344000
        7.276000
        0.000000
        1.004000
        9.056000
        3.056000
        0.516000
        0.000000
        0.998000
        3.924000
        4.462000
        3.700000
        1.426000
        1.718000
        3.007000
        1.444000
        0.000000
        0.000000
        0.000000
        0.000000
        0.230000
        0.647000
       18.703000
       13.389000
        3.066000
        2.037000
        0.251000
        0.000000
        0.423000
        0.704000
        0.000000
        0.584000
        1.468000
        1.975000
        2.392000
        1.262000
        6.497000
       13.027000
