        1.340000
        1.901000
       -0.329000
        0.167000
        1.824000
        3.827000
        1.101000
        3.704000
        5.525000
        6.112000
        4.482000
        2.790000
        2.111000
        0.900000
       -5.463000
       -4.546000
       -2.895000
        0.392000
       -2.399000
        0.273000
        1.560000
        0.046000
       -2.069000
       -5.331000
       -6.834000
       -7.833000
      -10.028000
       -8.691000
      -10.954000
       -8.880000
       -4.081000
       -1.672000
       -4.329000
       -0.932000
       -0.832000
       -4.513000
       -0.622000
       -0.412000
        1.971000
        2.865000
        0.454000
        0.926000
        4.822000
       -1.285000
       -3.233000
       -4.869000
       -4.510000
       -4.383000
       -4.760000
       -4.978000
       -3.682000
       -4.764000
       -4.898000
       -5.846000
       -4.264000
       -5.231000
       -5.413000
       -7.335000
       -9.668000
       -9.394000
       -5.276000
       -0.411000
       -1.744000
       -4.634000
       -5.456000
       -6.243000
       -3.478000
       -1.060000
        1.017000
       -0.356000
       -0.822000
       -0.015000
        2.900000
        8.290000
       11.145000
       11.965000
       14.253000
       14.884000
        9.024000
        7.867000
        7.908000
       11.048000
       11.017000
        9.908000
        9.773000
        7.355000
        9.369000
       10.716000
        7.616000
        7.266000
        8.178000
       10.357000
       11.400000
       10.968000
        8.511000
       11.864000
        6.946000
        2.458000
        0.168000
        2.789000
        4.987000
        5.026000
        6.752000
       10.485000
       11.343000
        7.310000
        0.292000
        4.334000
        5.014000
        2.927000
        5.465000
        7.862000
        8.843000
        8.547000
        6.015000
        9.742000
        7.283000
       11.741000
       16.696000
       19.160000
       20.381000
       20.000000
       11.740000
        8.573000
        7.382000
        5.208000
        6.138000
        6.550000
        7.260000
        7.227000
        8.249000
       10.522000
       11.774000
       10.935000
       10.582000
        8.684000
       10.256000
        6.392000
       10.394000
       16.282000
       14.767000
       11.476000
        7.514000
       12.254000
       17.757000
       21.129000
       23.135000
       22.609000
       23.481000
       14.863000
       11.967000
       13.663000
       16.552000
       20.184000
       12.847000
       12.517000
       10.977000
        9.378000
        9.146000
        9.534000
       11.623000
       13.983000
       14.278000
       15.154000
       13.503000
       16.088000
       17.522000
       19.270000
       20.082000
       20.199000
       21.933000
       23.854000
       23.584000
       23.224000
       24.466000
       18.943000
       22.976000
       24.387000
       25.486000
       20.583000
       16.727000
       13.118000
       14.116000
       19.588000
       16.997000
       13.195000
       10.690000
        9.225000
       10.291000
       14.680000
       13.941000
       14.367000
       17.518000
       19.766000
       21.722000
       22.829000
       21.202000
       23.585000
       19.088000
       15.049000
       15.884000
       15.459000
       15.455000
       15.826000
       16.514000
       16.031000
       19.156000
       24.241000
       26.657000
       21.322000
       15.478000
       16.054000
       17.675000
       12.490000
       12.419000
       15.653000
       16.487000
       14.966000
       11.643000
       12.270000
       15.076000
       16.846000
       16.599000
       17.097000
       15.635000
       11.907000
        8.924000
       12.607000
       15.890000
       17.084000
       17.285000
       12.036000
       11.775000
       13.268000
       14.954000
       15.439000
       15.149000
       14.662000
       15.131000
       16.300000
       18.576000
       20.990000
       21.815000
       20.964000
       20.639000
       19.710000
       16.575000
       18.081000
       19.500000
       20.497000
       20.647000
       18.106000
       16.435000
       12.792000
       12.463000
       15.264000
       14.770000
       15.438000
       14.936000
        5.923000
        6.399000
        6.243000
       10.504000
       11.567000
       11.933000
       14.396000
       16.100000
       15.675000
       13.848000
       13.402000
       13.187000
        9.669000
        8.061000
        8.218000
        5.420000
        5.874000
        8.969000
        8.634000
       10.693000
       12.044000
       11.974000
       13.393000
        9.386000
       11.428000
       12.996000
       12.277000
       11.467000
        6.729000
        5.689000
        4.485000
        2.506000
        5.720000
       10.860000
       11.665000
       13.341000
        9.317000
        9.194000
       11.255000
       14.239000
       13.015000
       13.815000
       13.579000
       13.710000
       12.043000
       10.309000
        9.855000
       12.447000
       11.149000
        6.295000
        4.090000
        4.562000
        4.832000
        7.758000
        6.509000
        6.404000
        8.028000
        3.281000
       -0.167000
        2.445000
        3.717000
        1.534000
       -0.257000
       -0.361000
       -1.268000
       -0.733000
       -2.515000
       -2.775000
       -5.805000
       -2.988000
       -2.384000
       -4.296000
       -2.718000
       -0.999000
       -1.659000
       -3.326000
       -3.641000
        0.642000
        3.215000
        2.708000
        0.602000
       -1.141000
       -1.532000
       -1.029000
       -2.901000
       -4.593000
       -4.131000
       -2.389000
       -2.569000
       -1.727000
       -1.221000
       -3.165000
       -4.479000
       -6.299000
       -4.172000
       -4.656000
       -5.040000
        0.733000
       -1.669000
       -1.880000
       -2.843000
       -4.677000
       -9.212000
       -7.946000
       -8.666000
        3.562000
