       43.235417
       39.362500
       42.693750
      173.002083
      165.118750
       52.164583
       77.243750
      273.391667
      212.987500
      247.616667
      198.845833
      182.929167
       87.568750
      134.745833
       40.910417
       30.266667
       70.925000
       32.781250
       16.568750
       20.995833
       55.204167
      150.041667
      111.912500
       27.483333
       36.258333
       52.172917
       51.572917
       55.852083
       43.897917
      103.324242
      114.587500
        8.106250
       14.037500
       10.908333
       62.645833
       18.247917
      109.225000
      128.233333
      281.829167
      314.391667
      211.456250
       51.843750
       16.506250
       50.962500
       11.279167
       16.643750
       19.119149
       36.604167
       29.564583
       21.889583
       18.785417
       21.052083
       26.000000
       25.497917
       82.952083
       92.506250
      103.443750
       41.158333
       72.916667
       96.887500
      159.133333
      297.960417
      207.047917
       23.485417
       21.322917
       83.950000
       14.852083
       40.345833
      165.133333
      160.516667
      105.808333
      184.466667
      269.895833
      386.966667
      696.962500
      707.472917
      838.297917
      741.575000
      175.366667
      249.633333
      201.572917
      194.212500
      197.997917
      255.733333
      242.362500
       57.941667
      258.870833
      313.133333
      182.093750
      188.306250
      435.418750
      655.527083
      860.785417
      784.931250
      422.593750
      599.572917
      216.010417
       24.781250
       38.579167
      263.364583
      304.122917
      204.856250
      250.422917
      487.985417
      497.545833
      130.906250
       13.366667
       55.656250
       82.825000
       21.768750
      225.400000
      613.612500
      338.764583
      164.652083
       72.629167
      357.893750
      119.677083
      430.616667
      892.014583
     1253.339583
     1357.714583
     1353.637500
      252.810417
      120.677083
       58.160417
       64.291667
       52.950000
      332.714583
      384.410417
      299.893750
      488.010417
      586.222917
      597.447917
      329.991667
      270.658333
      184.983333
      286.908333
      126.100000
      483.447917
      939.541667
      389.843750
      193.216667
       49.856250
      533.747917
     1033.583333
     1340.633333
     1621.252083
     1386.650000
     1409.637500
      268.989583
      465.772917
      688.433333
      958.672917
     1124.541667
      294.404167
      495.089583
      253.137500
      303.687500
      491.137500
      512.087500
      696.006250
      774.187500
      503.766667
      405.179167
      172.716667
      525.135417
      661.950000
      794.491667
      744.152083
     1160.410417
     1510.679167
     1650.331250
     1249.356250
     1303.479167
     1285.650000
      563.585417
     1043.166667
     1330.712500
     1605.720833
      804.135417
      446.685417
      327.831250
      317.808333
      807.881250
      446.864583
      530.604167
      183.458333
      109.258333
      164.166667
      537.137500
      300.489583
      270.364583
      566.512500
      957.037500
     1493.210417
     1519.539583
     1032.779167
     1507.702083
      737.000000
      293.158333
      645.968750
      460.922917
      563.422917
      622.562500
      531.381250
      190.706250
      558.508333
     1226.095833
     1824.575000
      754.572917
      225.941667
      537.875000
      721.816667
       35.795833
      101.339583
      610.372917
      696.558333
      331.462500
      385.083333
      495.697917
      780.956250
      803.245833
      766.418750
      770.295833
      518.264583
      194.131250
       24.968750
      199.166667
      433.520833
      390.500000
      360.045833
       84.818750
       19.412500
        8.681250
      235.681250
      346.972917
      298.408333
      421.391667
      501.679167
      525.418750
      775.933333
      840.410417
      930.560417
      754.068750
      614.062500
      472.362500
      308.031250
      574.952083
      875.537500
     1008.631250
      988.520833
      532.814583
      287.304167
      100.866667
      144.060417
      222.897872
      273.344000
      448.219231
      286.275000
       52.513158
      169.914815
      194.806061
      394.545714
      553.008000
      435.396000
      512.356000
      719.472000
      605.408000
      322.788000
      202.240000
      296.796000
      219.856000
      241.556000
       85.800000
        7.037500
        7.495652
       75.086957
       51.469565
      143.560870
      225.273913
      281.960870
      390.791304
       79.891304
      244.447826
      482.273913
      461.508696
      447.930435
       57.730435
        7.600000
       39.021739
       15.609091
       19.781818
      109.531818
      234.422727
      402.727273
        7.766667
       77.280952
      334.980952
      568.790476
      496.495238
      557.223810
      557.480952
      617.728571
      523.819048
      169.823810
      250.366667
      416.976190
      257.352381
       16.580000
       77.257143
       96.980000
      121.670000
      302.535000
       23.430000
      135.873684
      319.026316
       58.631579
        6.042105
       51.347368
       44.531579
      214.205263
      125.263158
      184.384211
      192.321053
      133.936842
      111.805263
      123.594737
      125.515789
       80.040000
      145.831579
       54.910526
        7.910526
        6.036842
        6.326316
       43.089474
       68.778947
       15.361111
       87.961111
       79.544444
       50.794444
        5.558824
       26.929412
        5.776471
       45.770588
       59.094118
      107.158824
       59.017647
      103.411765
      120.433333
        6.461111
        7.782353
       14.858824
       20.894444
       13.783333
       14.727778
       16.855556
       58.844444
        9.016667
        6.000000
        7.844444
       16.650000
       27.111111
       22.400000
       27.805556
      180.856250
