        0.269613
        0.275558
        0.282247
        0.289612
        0.297583
        0.306091
        0.315068
        0.324443
        0.334148
        0.344114
        0.354271
        0.364552
        0.374886
        0.385204
        0.395438
        0.405518
        0.415376
        0.424942
        0.434147
        0.442922
        0.451198
        0.458906
        0.465977
        0.472356
        0.478051
        0.483083
        0.487473
        0.491242
        0.494413
        0.497006
        0.499042
        0.500544
        0.501533
        0.502030
        0.502057
        0.501634
        0.500784
        0.499529
        0.497888
        0.495884
        0.493539
        0.490873
        0.487909
        0.484667
        0.481169
        0.477437
        0.473491
        0.469354
        0.465047
        0.460591
        0.456007
        0.451319
        0.446555
        0.441743
        0.436912
        0.432093
        0.427313
        0.422604
        0.417992
        0.413509
        0.409183
        0.405043
        0.401118
        0.397438
        0.394032
        0.390929
        0.388159
        0.385750
        0.383731
        0.382133
        0.380984
        0.380314
        0.380150
        0.380524
        0.381464
        0.382999
        0.385159
        0.387972
        0.391468
        0.395667
        0.400545
        0.406072
        0.412215
        0.418943
        0.426223
        0.434025
        0.442315
        0.451062
        0.460235
        0.469801
        0.479728
        0.489985
        0.500539
        0.511359
        0.522413
        0.533669
        0.545095
        0.556659
        0.568330
        0.580075
        0.591862
        0.603661
        0.615438
        0.627161
        0.638800
        0.650322
        0.661696
        0.672892
        0.683899
        0.694707
        0.705306
        0.715689
        0.725845
        0.735766
        0.745442
        0.754865
        0.764024
        0.772912
        0.781519
        0.789835
        0.797852
        0.805560
        0.812951
        0.820015
        0.826743
        0.833126
        0.839155
        0.844820
        0.850113
        0.855025
        0.859545
        0.863666
        0.867378
        0.870671
        0.873538
        0.875971
        0.877982
        0.879582
        0.880787
        0.881608
        0.882059
        0.882154
        0.881905
        0.881327
        0.880431
        0.879233
        0.877744
        0.875979
        0.873951
        0.871672
        0.869157
        0.866418
        0.863469
        0.860323
        0.856993
        0.853494
        0.849837
        0.846037
        0.842106
        0.838059
        0.833908
        0.829666
        0.825347
        0.820967
        0.816548
        0.812116
        0.807696
        0.803314
        0.798995
        0.794763
        0.790645
        0.786666
        0.782851
        0.779225
        0.775813
        0.772642
        0.769736
        0.767120
        0.764821
        0.762862
        0.761270
        0.760070
        0.759287
        0.758946
        0.759073
        0.759693
        0.760832
        0.762514
        0.764765
        0.767610
        0.771075
        0.775172
        0.779865
        0.785103
        0.790837
        0.797017
        0.803593
        0.810517
        0.817737
        0.825205
        0.832870
        0.840684
        0.848596
        0.856556
        0.864516
        0.872425
        0.880233
        0.887892
        0.895350
        0.902559
        0.909470
        0.916031
        0.922194
        0.927908
        0.933125
        0.937794
        0.941867
        0.945292
        0.948020
        0.950017
        0.951307
        0.951930
        0.951925
        0.951330
        0.950186
        0.948532
        0.946408
        0.943852
        0.940904
        0.937603
        0.933989
        0.930101
        0.925979
        0.921662
        0.917188
        0.912598
        0.907932
        0.903227
        0.898524
        0.893862
        0.889281
        0.884819
        0.880516
        0.876412
        0.872545
        0.868956
        0.865684
        0.862755
        0.860153
        0.857845
        0.855803
        0.853996
        0.852393
        0.850965
        0.849681
        0.848511
        0.847424
        0.846390
        0.845380
        0.844362
        0.843307
        0.842184
        0.840963
        0.839614
        0.838106
        0.836409
        0.834494
        0.832328
        0.829884
        0.827129
        0.824035
        0.820570
        0.816704
        0.812407
        0.807649
        0.802410
        0.796708
        0.790571
        0.784029
        0.777109
        0.769841
        0.762253
        0.754374
        0.746231
        0.737855
        0.729272
        0.720513
        0.711605
        0.702577
        0.693458
        0.684276
        0.675059
        0.665837
        0.656638
        0.647491
        0.638423
        0.629464
        0.620642
        0.611986
        0.603525
        0.595286
        0.587299
        0.579592
        0.572188
        0.565084
        0.558274
        0.551750
        0.545504
        0.539529
        0.533816
        0.528359
        0.523149
        0.518179
        0.513441
        0.508929
        0.504633
        0.500547
        0.496662
        0.492972
        0.489468
        0.486143
        0.482990
        0.480000
        0.477166
        0.474481
        0.471936
        0.469524
        0.467238
        0.465070
        0.463012
        0.461057
        0.459196
        0.457419
        0.455718
        0.454080
        0.452495
        0.450954
        0.449447
        0.447962
        0.446489
        0.445019
        0.443540
        0.442043
        0.440517
        0.438952
        0.437337
        0.435663
        0.433918
        0.432093
        0.430178
        0.428161
        0.426033
        0.423784
        0.421402
        0.418878
        0.416202
        0.413362
        0.410350
        0.407154
        0.403764
        0.400169
        0.396361
        0.392327
        0.388066
        0.383607
