        0.474373
        0.476900
        0.479152
        0.481116
        0.482778
        0.484127
        0.485147
        0.485826
        0.486150
        0.486106
        0.485680
        0.484860
        0.483631
        0.481980
        0.479894
        0.477360
        0.474364
        0.470892
        0.466932
        0.462470
        0.457492
        0.451986
        0.445937
        0.439345
        0.432256
        0.424730
        0.416825
        0.408601
        0.400117
        0.391432
        0.382605
        0.373695
        0.364761
        0.355863
        0.347058
        0.338408
        0.329969
        0.321803
        0.313967
        0.306521
        0.299524
        0.293035
        0.287113
        0.281817
        0.277207
        0.273340
        0.270278
        0.268077
        0.266799
        0.266501
        0.267243
        0.269062
        0.271913
        0.275726
        0.280433
        0.285967
        0.292260
        0.299243
        0.306847
        0.315006
        0.323651
        0.332714
        0.342126
        0.351820
        0.361727
        0.371780
        0.381910
        0.392049
        0.402129
        0.412082
        0.421840
        0.431334
        0.440497
        0.449261
        0.457557
        0.465318
        0.472474
        0.478959
        0.484703
        0.489661
        0.493870
        0.497390
        0.500280
        0.502601
        0.504410
        0.505770
        0.506737
        0.507373
        0.507736
        0.507887
        0.507885
        0.507789
        0.507658
        0.507553
        0.507533
        0.507658
        0.507986
        0.508578
        0.509494
        0.510791
        0.512531
        0.514773
        0.517576
        0.521000
        0.525104
        0.529948
        0.535591
        0.542074
        0.549356
        0.557378
        0.566081
        0.575406
        0.585292
        0.595682
        0.606514
        0.617731
        0.629272
        0.641078
        0.653090
        0.665249
        0.677494
        0.689768
        0.702009
        0.714160
        0.726160
        0.737950
        0.749471
        0.760663
        0.771467
        0.781824
        0.791675
        0.800959
        0.809617
        0.817591
        0.824821
        0.831263
        0.836943
        0.841899
        0.846173
        0.849805
        0.852835
        0.855304
        0.857251
        0.858718
        0.859745
        0.860372
        0.860639
        0.860587
        0.860257
        0.859687
        0.858920
        0.857995
        0.856953
        0.855834
        0.854678
        0.853526
        0.852419
        0.851395
        0.850497
        0.849764
        0.849236
        0.848955
        0.848960
        0.849281
        0.849908
        0.850817
        0.851987
        0.853397
        0.855025
        0.856848
        0.858845
        0.860994
        0.863273
        0.865661
        0.868135
        0.870673
        0.873255
        0.875857
        0.878459
        0.881038
        0.883572
        0.886040
        0.888420
        0.890689
        0.892827
        0.894811
        0.896619
        0.898230
        0.899621
        0.900771
        0.901659
        0.902267
        0.902606
        0.902690
        0.902533
        0.902151
        0.901559
        0.900771
        0.899802
        0.898668
        0.897383
        0.895961
        0.894419
        0.892770
        0.891030
        0.889213
        0.887334
        0.885409
        0.883452
        0.881478
        0.879502
        0.877538
        0.875602
        0.873709
        0.871872
        0.870109
        0.868432
        0.866857
        0.865399
        0.864070
        0.862868
        0.861790
        0.860831
        0.859987
        0.859254
        0.858628
        0.858104
        0.857679
        0.857349
        0.857108
        0.856953
        0.856881
        0.856885
        0.856964
        0.857112
        0.857325
        0.857599
        0.857930
        0.858313
        0.858745
        0.859222
        0.859738
        0.860291
        0.860876
        0.861489
        0.862125
        0.862780
        0.863449
        0.864116
        0.864764
        0.865376
        0.865935
        0.866424
        0.866826
        0.867124
        0.867301
        0.867339
        0.867222
        0.866933
        0.866455
        0.865770
        0.864861
        0.863712
        0.862305
        0.860624
        0.858651
        0.856369
        0.853761
        0.850810
        0.847499
        0.843812
        0.839730
        0.835237
        0.830315
        0.824949
        0.819129
        0.812880
        0.806237
        0.799235
        0.791906
        0.784284
        0.776405
        0.768302
        0.760009
        0.751560
        0.742990
        0.734331
        0.725619
        0.716887
        0.708170
        0.699501
        0.690914
        0.682444
        0.674124
        0.665989
        0.658073
        0.650410
        0.643033
        0.635977
        0.629276
        0.622964
        0.617075
        0.611643
        0.606692
        0.602207
        0.598163
        0.594536
        0.591300
        0.588431
        0.585904
        0.583693
        0.581774
        0.580122
        0.578712
        0.577519
        0.576519
        0.575686
        0.574995
        0.574422
        0.573941
        0.573528
        0.573158
        0.572806
        0.572447
        0.572056
        0.571608
        0.571078
        0.570442
        0.569674
        0.568750
        0.567645
        0.566339
        0.564836
        0.563145
        0.561274
        0.559232
        0.557030
        0.554674
        0.552176
        0.549542
        0.546783
        0.543907
        0.540923
        0.537840
        0.534667
        0.531414
        0.528088
        0.524699
        0.521256
        0.517768
        0.514243
        0.510691
        0.507121
        0.503541
        0.499961
        0.496389
        0.492835
        0.489306
        0.485814
        0.482365
        0.478969
        0.475636
        0.472374
        0.469191
        0.466096
