        0.378985
        0.374237
        0.369400
        0.364510
        0.359604
        0.354718
        0.349888
        0.345150
        0.340543
        0.336100
        0.331860
        0.327859
        0.324133
        0.320718
        0.317651
        0.314968
        0.312706
        0.310902
        0.309591
        0.308810
        0.308596
        0.308985
        0.310013
        0.311705
        0.314032
        0.316955
        0.320434
        0.324428
        0.328899
        0.333804
        0.339106
        0.344763
        0.350735
        0.356983
        0.363466
        0.370144
        0.376978
        0.383927
        0.390951
        0.398010
        0.405065
        0.412074
        0.418998
        0.425797
        0.432432
        0.438861
        0.445044
        0.450943
        0.456516
        0.461724
        0.466527
        0.470893
        0.474828
        0.478345
        0.481460
        0.484185
        0.486536
        0.488526
        0.490169
        0.491480
        0.492472
        0.493160
        0.493558
        0.493680
        0.493540
        0.493152
        0.492531
        0.491690
        0.490644
        0.489406
        0.487991
        0.486413
        0.484686
        0.482824
        0.480841
        0.478752
        0.476570
        0.474310
        0.471985
        0.469614
        0.467222
        0.464842
        0.462504
        0.460239
        0.458077
        0.456048
        0.454185
        0.452517
        0.451075
        0.449890
        0.448993
        0.448413
        0.448183
        0.448332
        0.448891
        0.449892
        0.451364
        0.453338
        0.455846
        0.458917
        0.462583
        0.466874
        0.471821
        0.477455
        0.483805
        0.490904
        0.498781
        0.507453
        0.516875
        0.526989
        0.537734
        0.549054
        0.560887
        0.573176
        0.585861
        0.598883
        0.612184
        0.625704
        0.639384
        0.653166
        0.666990
        0.680797
        0.694529
        0.708126
        0.721529
        0.734679
        0.747518
        0.759986
        0.772024
        0.783573
        0.794575
        0.804970
        0.814700
        0.823704
        0.831925
        0.839319
        0.845910
        0.851735
        0.856835
        0.861247
        0.865011
        0.868165
        0.870749
        0.872801
        0.874360
        0.875465
        0.876156
        0.876470
        0.876447
        0.876125
        0.875544
        0.874743
        0.873760
        0.872633
        0.871403
        0.870108
        0.868787
        0.867478
        0.866221
        0.865054
        0.864016
        0.863147
        0.862485
        0.862061
        0.861873
        0.861912
        0.862168
        0.862631
        0.863292
        0.864141
        0.865169
        0.866366
        0.867722
        0.869227
        0.870873
        0.872648
        0.874545
        0.876553
        0.878662
        0.880862
        0.883145
        0.885501
        0.887919
        0.890391
        0.892906
        0.895455
        0.898028
        0.900616
        0.903209
        0.905798
        0.908372
        0.910923
        0.913441
        0.915919
        0.918346
        0.920716
        0.923019
        0.925247
        0.927391
        0.929443
        0.931394
        0.933236
        0.934960
        0.936557
        0.938020
        0.939339
        0.940505
        0.941511
        0.942348
        0.943007
        0.943480
        0.943758
        0.943832
        0.943695
        0.943337
        0.942749
        0.941925
        0.940854
        0.939528
        0.937944
        0.936117
        0.934068
        0.931816
        0.929383
        0.926789
        0.924054
        0.921199
        0.918243
        0.915208
        0.912114
        0.908981
        0.905830
        0.902681
        0.899554
        0.896471
        0.893450
        0.890514
        0.887681
        0.884973
        0.882410
        0.880013
        0.877801
        0.875795
        0.874016
        0.872484
        0.871220
        0.870243
        0.869567
        0.869172
        0.869032
        0.869120
        0.869409
        0.869874
        0.870486
        0.871219
        0.872047
        0.872942
        0.873879
        0.874829
        0.875768
        0.876667
        0.877500
        0.878241
        0.878863
        0.879338
        0.879641
        0.879744
        0.879621
        0.879245
        0.878590
        0.877628
        0.876333
        0.874678
        0.872637
        0.870182
        0.867295
        0.863986
        0.860271
        0.856170
        0.851700
        0.846878
        0.841721
        0.836249
        0.830477
        0.824425
        0.818109
        0.811547
        0.804758
        0.797757
        0.790565
        0.783196
        0.775671
        0.768006
        0.760218
        0.752326
        0.744347
        0.736299
        0.728199
        0.720066
        0.711916
        0.703768
        0.695639
        0.687546
        0.679504
        0.671510
        0.663556
        0.655636
        0.647743
        0.639870
        0.632010
        0.624156
        0.616303
        0.608441
        0.600566
        0.592669
        0.584745
        0.576786
        0.568785
        0.560736
        0.552631
        0.544464
        0.536228
        0.527917
        0.519522
        0.511038
        0.502457
        0.493772
        0.484978
        0.476066
        0.467031
        0.457864
        0.448567
        0.439161
        0.429678
        0.420147
        0.410599
        0.401063
        0.391569
        0.382148
        0.372829
        0.363643
        0.354619
        0.345788
        0.337179
        0.328823
        0.320750
        0.312989
        0.305571
        0.298525
        0.291882
        0.285671
        0.279924
        0.274669
        0.269937
        0.265757
        0.262160
        0.259176
        0.256835
        0.255167
        0.254201
        0.253968
        0.254499
        0.255822
        0.257955
        0.260865
