        0.659744
        0.673603
        0.686624
        0.698805
        0.710149
        0.720653
        0.730320
        0.739147
        0.747136
        0.754286
        0.760598
        0.766071
        0.770706
        0.774502
        0.777460
        0.779578
        0.780859
        0.781300
        0.780903
        0.779668
        0.777594
        0.774681
        0.770930
        0.766340
        0.760912
        0.754645
        0.747539
        0.739595
        0.730812
        0.721191
        0.710731
        0.703463
        0.700034
        0.696630
        0.693249
        0.689893
        0.686561
        0.683253
        0.679969
        0.676709
        0.673474
        0.670262
        0.667075
        0.663912
        0.660772
        0.657657
        0.654566
        0.651500
        0.648457
        0.645439
        0.642444
        0.639474
        0.636528
        0.633606
        0.630708
        0.627834
        0.624985
        0.622159
        0.619358
        0.616320
        0.613091
        0.609946
        0.606884
        0.603906
        0.601011
        0.598200
        0.595472
        0.592828
        0.590267
        0.587790
        0.585396
        0.583086
        0.580859
        0.578716
        0.576656
        0.574680
        0.572787
        0.570978
        0.569252
        0.567610
        0.566052
        0.564576
        0.563185
        0.561877
        0.560652
        0.559511
        0.558454
        0.557480
        0.556589
        0.555782
        0.555058
        0.554279
        0.553398
        0.552416
        0.551332
        0.550146
        0.548858
        0.547469
        0.545979
        0.544386
        0.542692
        0.540897
        0.538999
        0.537000
        0.534900
        0.532698
        0.530394
        0.527988
        0.525481
        0.522873
        0.520162
        0.517350
        0.514436
        0.511421
        0.508304
        0.505086
        0.501765
        0.498344
        0.494820
        0.491195
        0.487889
        0.485007
        0.482162
        0.479353
        0.476581
        0.473847
        0.471149
        0.468487
        0.465863
        0.463276
        0.460725
        0.458211
        0.455734
        0.453294
        0.450891
        0.448525
        0.446195
        0.443902
        0.441647
        0.439428
        0.437245
        0.435100
        0.432992
        0.430920
        0.428885
        0.426887
        0.424926
        0.423002
        0.421115
        0.419264
        0.417450
        0.413027
        0.406332
        0.400126
        0.394407
        0.389176
        0.384433
        0.380177
        0.376410
        0.373130
        0.370339
        0.368035
        0.366219
        0.364891
        0.364051
        0.363698
        0.363834
        0.364457
        0.365568
        0.367167
        0.369254
        0.371829
        0.374892
        0.378443
        0.382481
        0.387007
        0.392022
        0.397524
        0.403514
        0.409991
        0.416957
        0.423399
        0.428717
        0.433723
        0.438418
        0.442802
        0.446874
        0.450635
        0.454084
        0.457222
        0.460049
        0.462564
        0.464768
        0.466660
        0.468241
        0.469511
        0.470469
        0.471116
        0.471451
        0.471475
        0.471188
        0.470589
        0.469679
        0.468457
        0.466924
        0.465080
        0.462924
        0.460456
        0.457678
        0.454588
        0.451186
        0.447473
        0.442784
        0.437695
        0.433065
        0.428894
        0.425182
        0.421929
        0.419134
        0.416799
        0.414922
        0.413503
        0.412544
        0.412043
        0.412002
        0.412419
        0.413294
        0.414629
        0.416422
        0.418675
        0.421386
        0.424555
        0.428184
        0.432271
        0.436817
        0.441822
        0.447286
        0.453209
        0.459590
        0.466430
        0.473729
        0.481487
        0.489703
        0.497405
        0.504046
        0.510415
        0.516514
        0.522341
        0.527897
        0.533183
        0.538197
        0.542940
        0.547412
        0.551613
        0.555543
        0.559202
        0.562590
        0.565707
        0.568553
        0.571128
        0.573432
        0.575464
        0.577226
        0.578717
        0.579937
        0.580885
        0.581563
        0.581969
        0.582105
        0.581969
        0.581563
        0.580885
        0.579937
        0.580601
        0.583000
        0.585291
        0.587476
        0.589552
        0.591522
        0.593383
        0.595138
        0.596784
        0.598324
        0.599756
        0.601080
        0.602297
        0.603407
        0.604409
        0.605303
        0.606090
        0.606770
        0.607342
        0.607807
        0.608164
        0.608414
        0.608556
        0.608591
        0.608518
        0.608338
        0.608050
        0.607655
        0.607153
        0.606543
        0.605825
        0.605876
        0.606730
        0.607523
        0.608254
        0.608925
        0.609535
        0.610084
        0.610572
        0.610999
        0.611365
        0.611669
        0.611913
        0.612096
        0.612218
        0.612279
        0.612279
        0.612218
        0.612096
        0.611913
        0.611669
        0.611365
        0.610999
        0.610572
        0.610084
        0.609535
        0.608925
        0.608254
        0.607523
        0.606730
        0.605876
        0.609913
        0.618198
        0.625564
        0.632013
        0.637543
        0.642154
        0.645848
        0.648623
        0.650480
        0.651419
        0.651440
        0.650542
        0.648726
        0.645992
        0.642339
        0.637768
        0.632279
        0.625872
        0.618547
        0.610303
        0.601141
        0.591061
        0.580062
        0.568145
        0.555310
        0.541557
        0.526885
        0.511296
        0.494787
        0.477361
        0.459017
