        1.498881
       10.775763
        5.362236
        4.048248
        4.439712
        2.230343
        4.733884
       10.208042
        8.609401
        1.762913
        3.417251
       10.408269
        4.242834
        1.877831
        4.239486
        8.161534
        5.212947
       11.745171
        4.188371
        4.951207
        6.400208
        9.188402
       17.982871
        0.946495
        7.733761
       14.231438
        9.375233
        6.193636
        4.897978
        4.394767
       15.705820
        1.094021
        6.441276
        4.673428
        1.455170
        8.744413
        3.838151
        6.812471
        8.643242
       18.451183
       23.335766
       10.098588
        5.524744
       12.653594
       20.750795
        4.699514
       10.832870
        7.644223
       23.651088
       23.371546
        5.047972
       12.569697
        6.049458
       12.318356
       14.617263
       24.289839
       10.420431
        2.380866
        6.162086
        7.174677
        3.166263
       20.072738
       30.294881
       23.389700
       21.402590
       19.714762
       20.956662
       24.890167
       22.861284
        6.794669
       15.209306
        4.410806
       23.131661
       24.520030
       31.770144
        8.788477
        6.384345
       28.022236
       11.675550
       27.306637
       37.923770
       15.906751
       14.503754
       12.673335
       21.286085
       26.551204
        7.897855
       12.750183
        7.629065
       11.262935
       38.906749
       13.797848
       12.647073
       30.369790
        9.600841
       19.528812
       18.208302
       17.823007
       12.815398
       25.164774
       12.652537
       26.742442
       35.492318
       50.444115
       49.152687
       38.175287
       48.953694
       43.008050
        3.460963
        3.495156
        8.742298
       13.711483
       29.890198
       53.341058
       54.650288
       34.453113
        4.783588
       18.900636
        8.995754
        8.093147
       49.719879
       31.653639
        7.595752
       13.095821
       50.306106
       38.467519
       43.888273
       58.133988
       27.065519
       20.012988
       23.103989
       35.360302
       31.463635
       53.799676
       36.531524
       19.520705
       21.185266
       54.663507
       33.010281
       47.419209
       15.593016
        8.512812
       26.054338
       29.149217
       29.244219
       21.057657
       53.206575
       45.624571
       22.126473
       35.900880
        2.791543
        4.183789
       28.489315
       32.123185
       44.044259
       64.047200
       65.201853
       57.781652
       61.554588
       46.476768
       16.221192
       24.589122
       56.237121
       63.300404
       28.280980
       57.274211
       60.297354
       62.011796
       62.165315
       45.767514
       22.994182
       50.152058
       47.977412
       15.627033
       27.502634
       45.407952
       41.361819
       28.127990
       45.779500
        4.778124
       45.701947
       62.299798
       51.724262
        3.577997
       45.772273
       46.057279
       62.728982
       57.534012
       60.079149
       57.689294
       59.714475
       56.847671
       61.780019
       56.022617
       59.811416
       58.578505
       61.322811
       27.702684
       53.327663
       59.073608
       58.364707
       58.862278
       56.080077
       53.757199
       42.555072
       48.256954
       53.720537
       55.808995
       41.384909
        4.689467
       38.547363
       56.885038
       59.192229
       56.471717
       44.507460
       41.231742
       55.113312
       48.872792
       23.709428
       12.790193
       13.643624
       52.636916
       53.150702
       54.253007
       51.940528
       42.705595
       53.375957
       47.046957
       51.811509
       47.028097
       21.573206
       48.218354
       53.402395
       50.830997
       45.989773
       15.017892
       25.985775
       41.910504
       18.542131
       14.253646
       47.722017
       48.600124
       43.923348
       28.808691
       45.204200
       47.511039
       46.704667
       45.683264
       43.115038
       36.917700
       11.850043
       37.415624
        9.814639
       15.857224
       12.132053
       30.495989
       23.330125
       11.378206
        3.515955
       26.532697
       12.945298
       24.929825
       19.424821
       38.888066
       36.079427
       39.774281
       35.571105
       36.018442
       18.578792
       25.645953
       13.585107
       11.257823
        7.694808
        8.252130
       24.754450
       22.531686
       16.263846
       13.199107
        8.000612
        5.669274
        4.380490
        8.398246
        2.020423
        9.020077
       14.673488
       22.418353
        8.710924
       14.407518
       24.256351
       23.257684
       26.268313
       26.588218
        5.717216
       15.924553
       24.970893
        2.811107
       25.679970
       15.000972
       19.743668
        5.264238
       21.990404
       11.746052
       18.226809
       10.787043
       10.154108
       12.248911
        9.034001
        1.635479
       13.104986
        1.550877
       16.066616
       15.338855
       13.593920
        1.656101
       11.014061
        6.375885
       11.298538
        2.962687
        3.190586
        1.622084
        2.474987
        7.342472
        2.746950
        4.192601
        1.880123
        2.649480
        0.568602
        0.625356
       18.834716
       12.302140
       18.886535
        6.517242
        6.540508
       13.437581
       16.444509
       15.065129
       17.084670
       16.159150
       13.608197
        6.357201
       14.509923
       16.074371
       15.825674
       15.452540
       16.243753
       14.499347
       16.211146
        1.325093
        6.910822
       15.818976
       15.515111
       10.699268
        2.050915
        0.986857
        9.109615
        5.092388
       13.535403
       10.858956
        0.823468
        0.835982
       13.022675
        9.480281
        6.315252
        9.151740
       15.735607
