        5.309000
        2.255000
        0.321000
        1.633000
        1.577000
        0.558000
        0.196000
        0.000000
        0.000000
        3.353000
        7.925000
        1.111000
        0.204000
        0.675000
        0.521000
        2.734000
        3.180000
        0.270000
        0.339000
        2.742000
        2.629000
        1.206000
        0.000000
        0.359000
        0.697000
        0.000000
        2.052000
        4.175000
       10.407000
        7.374000
        1.734000
       20.806000
       19.381000
        3.258000
        9.875000
       12.712000
        8.378000
        6.329000
        3.613000
        3.600000
        0.120000
        2.168000
        1.001000
        0.440000
        0.142000
        4.138000
        0.250000
        0.000000
        0.000000
        0.375000
        1.477000
        0.395000
        0.560000
        0.571000
        1.535000
        0.003000
        0.000000
        0.000000
        0.000000
        0.000000
        0.000000
        0.000000
        0.000000
        0.000000
        0.000000
        0.332000
        5.330000
        1.539000
        1.610000
        2.867000
        4.213000
        2.527000
        1.693000
        1.361000
        0.128000
        3.734000
        9.527000
        3.139000
        2.940000
        1.637000
        0.000000
        0.061000
        1.258000
        1.563000
        1.649000
        0.010000
        4.578000
        5.176000
        4.898000
        2.686000
        0.000000
        0.000000
        0.000000
        0.000000
        0.068000
        0.000000
        0.357000
        4.304000
        4.713000
        4.086000
        8.596000
        5.036000
        1.297000
        0.000000
        0.069000
        0.367000
        0.020000
        2.830000
       21.485000
        7.519000
        0.682000
        1.204000
        0.000000
        0.000000
        0.000000
        3.462000
       19.608000
        1.774000
        3.162000
        3.637000
        2.633000
        6.104000
        8.434000
        1.674000
        0.077000
        4.612000
        1.957000
        0.000000
        5.977000
       15.489000
        1.365000
        5.643000
        0.030000
        0.208000
        1.271000
        5.067000
       11.879000
        2.458000
        9.521000
        3.660000
        4.732000
        7.816000
        5.356000
        1.710000
        1.220000
        5.614000
        0.414000
        9.537000
       10.164000
        1.248000
       36.115000
       25.040000
        4.490000
        0.005000
        0.000000
        0.000000
        0.000000
        0.000000
        0.184000
       22.659000
       13.146000
        4.185000
        0.000000
        2.093000
        1.988000
        1.487000
        0.247000
        1.290000
        2.792000
        0.000000
        4.468000
        4.005000
        2.392000
        0.936000
        4.496000
        2.422000
        1.440000
        2.552000
        1.272000
        9.384000
        1.839000
        0.000000
        5.334000
       19.490000
        3.170000
        1.079000
        0.000000
        0.429000
        0.000000
        4.530000
        0.001000
        0.000000
        0.000000
        0.000000
        0.000000
        0.000000
        0.000000
        0.176000
        3.683000
        2.541000
        0.000000
        0.000000
        0.000000
        0.000000
        6.817000
        2.839000
        1.913000
        2.606000
        8.481000
       25.847000
        1.913000
        0.000000
        0.000000
        0.000000
        1.513000
        7.447000
        3.300000
       11.955000
        4.786000
       16.292000
        9.616000
        0.000000
        0.560000
        0.000000
        4.873000
        0.000000
        0.000000
        0.000000
        0.690000
        0.963000
        9.776000
        0.096000
        0.000000
        0.000000
        0.933000
        9.079000
        9.006000
        0.223000
        5.864000
        4.040000
        0.001000
        0.000000
        0.000000
        4.234000
        0.005000
        0.000000
        0.000000
        0.000000
        3.349000
        6.207000
       28.130000
        6.776000
        6.660000
        2.636000
        8.926000
        1.024000
        1.058000
        9.335000
       12.095000
        6.092000
       17.334000
        5.451000
        0.373000
        0.139000
        0.000000
        0.000000
        0.000000
        0.000000
        4.846000
        3.866000
        0.090000
        4.372000
        1.784000
        0.651000
        0.000000
        0.000000
        3.166000
       12.986000
        2.061000
        0.269000
        0.211000
        0.718000
       14.196000
        3.192000
        6.467000
        0.835000
        2.343000
       22.084000
        8.723000
        2.457000
        0.000000
        0.000000
        0.596000
        0.103000
        0.000000
        7.897000
        0.072000
        0.000000
        0.000000
        4.577000
        1.192000
        5.884000
        0.175000
        0.000000
        0.000000
        1.537000
       12.491000
        4.650000
        5.439000
       15.648000
        0.496000
        2.210000
        2.884000
       20.952000
        1.106000
        0.000000
        0.000000
        1.597000
        0.856000
        0.000000
        0.000000
        0.000000
        6.766000
        5.448000
       10.184000
        4.290000
        2.848000
        2.457000
        1.109000
        0.530000
        0.020000
        0.000000
        1.271000
        5.032000
        0.000000
        0.000000
        0.000000
        0.000000
        0.459000
        6.089000
        0.399000
        0.000000
        0.000000
        0.000000
        0.000000
        0.000000
        0.000000
        1.493000
        0.005000
        0.000000
        0.000000
        0.000000
        3.705000
        4.416000
        0.000000
        0.057000
        0.618000
        0.000000
        6.021000
       21.294000
        0.072000
        1.924000
        1.684000
        0.124000
        0.000000
