        2.095000
        0.876000
       -1.550000
        2.889000
        2.811000
        0.886000
        0.077000
       -0.041000
       -2.444000
       -1.593000
       -1.043000
       -0.638000
       -2.574000
       -3.902000
       -4.017000
       -6.520000
       -7.263000
       -7.363000
       -6.499000
       -4.471000
       -3.443000
       -1.606000
        0.041000
       -4.490000
       -5.379000
       -5.611000
       -1.934000
       -0.456000
        1.575000
        6.659000
        4.490000
        3.258000
       -0.358000
       -3.095000
       -1.148000
        1.650000
       -3.177000
       -4.100000
       -4.266000
       -5.004000
       -7.221000
       -5.629000
       -6.229000
       -5.609000
       -6.070000
       -1.822000
       -0.522000
       -1.479000
       -0.667000
       -0.765000
       -3.013000
       -5.536000
       -8.465000
       -7.715000
       -6.689000
       -4.975000
       -4.571000
       -1.816000
       -1.313000
       -2.451000
       -3.751000
       -2.724000
       -0.127000
        5.602000
        9.352000
        7.366000
        7.631000
        7.357000
        5.901000
        3.469000
        3.050000
       -3.382000
       -5.184000
       -4.488000
       -1.061000
        2.094000
        0.219000
        1.904000
        2.352000
        2.571000
        5.217000
        0.459000
       -2.186000
       -3.899000
       -4.918000
       -3.219000
       -0.367000
       -1.547000
       -0.427000
       -1.801000
       -0.397000
       -1.440000
       -0.021000
        1.628000
       -0.697000
        1.994000
        0.989000
        0.948000
        2.911000
        6.181000
        8.783000
        6.187000
        7.873000
       14.884000
       16.013000
       15.425000
       17.322000
       16.223000
        4.026000
        1.128000
        4.215000
        6.356000
        9.434000
       13.443000
       16.641000
       14.553000
        5.443000
        4.672000
        6.620000
        7.823000
       11.171000
       13.243000
        8.536000
        7.704000
       12.571000
       12.849000
       12.700000
       15.345000
       12.897000
        8.351000
        7.860000
        6.524000
        8.158000
       12.580000
       12.921000
        9.211000
        6.904000
       12.818000
        7.632000
        8.148000
        5.877000
        5.383000
        4.429000
        2.316000
        3.855000
        4.229000
        9.415000
       11.475000
        4.211000
        6.797000
        4.670000
        8.083000
        9.922000
        7.451000
       10.794000
       15.348000
       17.079000
       17.374000
       19.151000
       14.594000
        9.895000
       12.073000
       16.406000
       20.077000
       11.498000
       17.281000
       19.516000
       25.687000
       26.685000
       25.678000
       18.031000
       15.291000
       15.014000
       11.229000
        8.987000
       10.057000
       10.926000
        9.061000
       11.117000
        9.319000
       13.863000
       16.945000
       18.738000
       12.794000
       14.689000
       16.988000
       19.233000
       19.223000
       19.766000
       19.723000
       20.902000
       17.828000
       16.923000
       18.764000
       19.763000
       20.187000
       20.601000
       20.081000
       21.180000
       20.767000
       21.724000
       22.593000
       24.094000
       22.834000
       19.516000
       22.522000
       25.394000
       27.725000
       22.861000
       13.344000
       15.940000
       19.601000
       23.244000
       25.943000
       23.364000
       19.394000
       23.502000
       22.674000
       17.685000
       14.920000
       13.990000
       16.577000
       17.098000
       18.570000
       15.714000
       14.891000
       16.412000
       19.682000
       21.144000
       21.148000
       15.995000
       15.230000
       15.603000
       16.977000
       19.337000
       14.793000
       12.087000
       14.154000
       12.624000
       12.450000
       15.405000
       17.427000
       17.170000
       15.521000
       15.113000
       18.782000
       19.866000
       22.060000
       21.552000
       19.146000
       13.885000
       12.509000
        9.376000
        8.206000
        8.262000
       11.312000
       13.487000
       12.485000
        8.236000
        6.327000
       11.652000
        9.002000
       10.189000
       13.315000
       13.580000
       13.519000
       13.464000
       15.338000
       15.629000
       16.320000
       13.166000
        9.450000
        8.628000
        9.759000
        8.438000
        8.086000
       14.103000
       12.601000
       10.481000
        9.258000
        9.648000
        9.393000
        3.520000
        3.053000
        3.906000
        6.842000
        9.520000
       10.007000
        8.467000
       10.493000
        9.867000
       12.200000
       12.417000
       12.595000
       14.535000
       10.773000
       12.014000
       11.510000
       14.895000
       11.647000
       16.394000
        7.078000
        7.515000
        4.155000
        7.075000
       11.080000
        4.629000
        4.970000
        3.566000
        7.444000
       11.984000
       11.222000
        5.605000
        2.276000
        2.009000
       -0.300000
        0.728000
        0.713000
        0.059000
        0.595000
        0.806000
        0.716000
        0.538000
       -0.943000
       -1.402000
       -1.382000
       -0.405000
        0.842000
       -1.775000
       -2.749000
       -4.272000
       -4.629000
       -2.012000
       -1.316000
       -1.419000
        0.677000
       -0.460000
        0.724000
       -0.578000
       -0.389000
        0.613000
        1.400000
        1.549000
        2.123000
        1.809000
       -3.150000
       -0.368000
       -2.288000
        0.437000
        6.269000
        3.836000
        3.576000
        2.998000
        1.143000
       -0.633000
        4.378000
        6.766000
        7.137000
        3.657000
       -1.586000
        0.069000
        2.883000
        1.026000
       -0.456000
        0.544000
