      103.388889
      104.544444
       47.966667
       79.915789
        6.410526
        3.072727
        2.173684
       40.900000
       11.638889
        3.583333
        2.427778
      114.383333
        4.333333
        4.516667
       11.622222
       73.405556
        6.600000
       30.988889
        6.660000
        4.847368
        5.594737
       33.894737
      187.700000
        7.194737
       44.231579
       81.884211
      195.863158
        4.036842
      115.573684
       67.000000
      253.530000
        6.768421
       44.220000
       14.065000
        4.185000
      103.525000
       10.730000
        5.065000
        5.138095
        5.214286
       34.371429
       24.485714
       14.166667
       97.428571
       85.280952
        4.704762
       25.295238
       69.566667
      137.123810
      206.166667
       32.952381
      108.209091
       32.136364
       54.759091
       55.113636
      106.363636
       25.236364
        4.830435
       17.995652
       15.539130
        5.108696
       53.556522
      144.665217
      496.308696
      661.739130
      450.391304
      348.756522
      300.570833
      243.504167
       30.733333
       59.291667
        8.891667
      123.850000
      145.658333
      304.287500
      259.391667
        4.358333
      202.132000
      160.852000
      227.320000
      380.120000
      134.696154
      109.569231
        4.992308
       14.180769
       76.811538
        6.411538
       78.411538
        2.396154
        2.612000
      153.019231
       86.580769
      110.938462
      163.650000
       38.507692
      201.907692
      192.107692
       97.196296
       49.950000
      333.946429
      122.050000
      196.607143
      380.450000
     1017.475000
     1056.525000
      777.103571
     1032.389286
      839.192857
        9.132143
        1.814815
        0.000000
      107.260714
      368.064286
      729.934483
     1194.075862
      631.406897
        0.355172
       88.665517
       33.437931
       23.293103
      208.746667
      286.990000
       21.060000
       21.780000
      532.006667
      453.613333
      497.883333
      974.160000
      224.130000
      130.013333
      194.553333
      233.530000
      351.070968
      620.387097
      444.767742
      106.390323
       96.935484
      713.267742
      261.458065
      321.716129
       18.903226
        1.103226
      131.383871
      110.854839
      162.806250
      160.625000
      492.375000
      509.228125
       78.609375
      244.225000
        3.021875
        0.000000
      269.553125
      266.312500
      426.412500
      759.893750
     1045.743750
      924.315625
     1153.806250
      594.512500
       33.471875
      168.293750
      818.371875
     1050.675000
      201.603125
      614.140625
     1047.334375
     1936.725000
     1926.406250
     1869.868750
      351.484375
      507.028125
      436.528125
      255.075000
       88.078125
      361.196875
      503.787500
      288.943750
      497.053125
       28.368750
      508.215625
      844.653125
      920.712500
       47.312500
      334.856250
      595.600000
      866.131250
      731.059375
      827.387500
      867.846875
     1168.268750
      723.209375
      948.700000
     1036.306250
     1216.503125
     1177.981250
     1403.096875
     1031.056250
     1173.900000
     1098.481250
     1307.240625
     1436.843750
     1607.831250
     1265.718750
      674.841935
     1102.019355
     1708.032258
     2235.006452
     1294.145161
        0.690323
      436.390000
      896.183333
     1440.226667
     1863.156667
     1315.720000
      642.910000
     1161.003333
     1035.160000
      397.810000
       77.020000
       98.216667
      646.910000
      769.433333
      908.703333
      672.230000
      728.651613
      854.920690
     1175.675862
     1175.966667
     1156.486207
      238.028571
      739.871429
      712.467857
      819.478571
     1002.982143
      170.078571
      240.921429
      599.525000
      187.021429
       78.442857
      574.150000
      900.242857
      818.164286
      539.839286
      997.050000
     1214.171429
      986.329630
     1309.322222
     1196.985185
      736.988889
      115.433333
      562.792308
       34.200000
      169.850000
       53.430769
      385.896154
      297.365385
       45.361538
        5.446154
      137.938462
       83.160000
      260.136000
      182.392000
      518.300000
      440.808000
      415.176000
      314.928000
      444.908000
      276.516000
      260.188000
       34.684000
        0.464000
       33.716000
       39.012000
      120.172000
      109.343478
       95.582609
      112.013043
        1.778261
       15.034783
        1.095652
       57.930435
        6.378261
       37.447826
      121.408696
      226.652174
      224.117391
      137.704348
      250.930435
      323.473913
      293.272727
      418.845455
      271.822727
      248.150000
      441.363636
       95.366667
      181.052381
      283.304762
      550.852381
       39.923810
     1034.552381
      121.390476
      333.409524
       71.238095
      149.309524
      232.280952
      122.785714
       69.804762
      146.310000
       23.355000
      381.460000
      363.855000
      203.485000
        5.895000
      108.900000
       83.289474
       84.663158
       40.900000
       75.778947
        6.121053
        5.600000
        3.410526
        2.063158
        2.284211
        2.761111
        3.094737
        1.594118
        1.010526
      198.405263
      121.110526
      121.600000
       98.730000
       31.878261
        3.673684
       18.331579
      152.984211
      132.566667
      181.889474
       47.931579
       85.538889
      244.517647
      223.982353
      248.817647
      218.047059
      214.700000
       44.423529
      194.364706
        3.911765
      139.883333
      582.294444
      381.335294
      222.335294
       75.672222
        1.733333
        2.927778
      159.222222
      232.305556
      473.877778
      107.200000
        3.483333
       63.222222
      185.333333
       27.283333
       31.888889
      177.172222
