        0.443050
        0.443236
        0.443330
        0.443328
        0.443229
        0.443029
        0.442726
        0.442317
        0.441799
        0.441170
        0.440428
        0.439568
        0.438590
        0.437489
        0.436264
        0.434912
        0.433429
        0.431814
        0.430064
        0.428176
        0.426147
        0.423975
        0.421656
        0.419194
        0.416605
        0.413912
        0.411138
        0.408304
        0.405435
        0.402551
        0.399675
        0.396831
        0.394039
        0.391323
        0.388705
        0.386207
        0.383852
        0.381663
        0.379661
        0.377869
        0.376310
        0.375006
        0.373979
        0.373252
        0.372848
        0.372788
        0.373095
        0.373792
        0.374901
        0.376444
        0.378444
        0.380914
        0.383832
        0.387168
        0.390890
        0.394968
        0.399370
        0.404066
        0.409025
        0.414215
        0.419605
        0.425166
        0.430865
        0.436672
        0.442556
        0.448486
        0.454431
        0.460360
        0.466242
        0.472046
        0.477741
        0.483297
        0.488681
        0.493865
        0.498815
        0.503502
        0.507895
        0.511962
        0.515673
        0.519007
        0.521986
        0.524644
        0.527014
        0.529128
        0.531020
        0.532723
        0.534268
        0.535691
        0.537022
        0.538296
        0.539546
        0.540804
        0.542103
        0.543477
        0.544957
        0.546578
        0.548373
        0.550373
        0.552613
        0.555125
        0.557942
        0.561098
        0.564624
        0.568555
        0.572922
        0.577760
        0.583101
        0.588966
        0.595330
        0.602155
        0.609405
        0.617041
        0.625028
        0.633328
        0.641902
        0.650716
        0.659730
        0.668908
        0.678212
        0.687606
        0.697052
        0.706513
        0.715952
        0.725331
        0.734613
        0.743762
        0.752739
        0.761508
        0.770031
        0.778272
        0.786192
        0.793755
        0.800924
        0.807661
        0.813929
        0.819700
        0.824987
        0.829810
        0.834191
        0.838150
        0.841710
        0.844891
        0.847715
        0.850203
        0.852376
        0.854255
        0.855862
        0.857219
        0.858345
        0.859264
        0.859995
        0.860560
        0.860980
        0.861277
        0.861472
        0.861586
        0.861641
        0.861657
        0.861656
        0.861660
        0.861688
        0.861764
        0.861908
        0.862136
        0.862445
        0.862829
        0.863278
        0.863786
        0.864344
        0.864945
        0.865581
        0.866244
        0.866927
        0.867621
        0.868320
        0.869014
        0.869697
        0.870361
        0.870998
        0.871600
        0.872160
        0.872669
        0.873120
        0.873506
        0.873817
        0.874048
        0.874190
        0.874234
        0.874174
        0.874002
        0.873710
        0.873294
        0.872763
        0.872132
        0.871414
        0.870623
        0.869772
        0.868876
        0.867948
        0.867001
        0.866049
        0.865107
        0.864186
        0.863303
        0.862469
        0.861698
        0.861005
        0.860403
        0.859905
        0.859526
        0.859278
        0.859176
        0.859234
        0.859464
        0.859881
        0.860498
        0.861330
        0.862389
        0.863689
        0.865238
        0.867018
        0.869007
        0.871181
        0.873516
        0.875989
        0.878577
        0.881256
        0.884003
        0.886795
        0.889608
        0.892418
        0.895203
        0.897939
        0.900603
        0.903170
        0.905619
        0.907925
        0.910065
        0.912016
        0.913754
        0.915257
        0.916499
        0.917459
        0.918113
        0.918437
        0.918408
        0.918003
        0.917204
        0.916025
        0.914481
        0.912592
        0.910375
        0.907849
        0.905030
        0.901939
        0.898592
        0.895007
        0.891203
        0.887198
        0.883009
        0.878654
        0.874153
        0.869522
        0.864779
        0.859944
        0.855033
        0.850065
        0.845058
        0.840029
        0.834998
        0.829981
        0.824997
        0.820064
        0.815201
        0.810424
        0.805746
        0.801155
        0.796634
        0.792164
        0.787728
        0.783308
        0.778885
        0.774443
        0.769963
        0.765427
        0.760818
        0.756118
        0.751309
        0.746372
        0.741291
        0.736047
        0.730623
        0.725000
        0.719161
        0.713088
        0.706763
        0.700169
        0.693287
        0.686099
        0.678588
        0.670737
        0.662526
        0.653938
        0.644965
        0.635637
        0.625993
        0.616072
        0.605914
        0.595558
        0.585043
        0.574409
        0.563695
        0.552940
        0.542184
        0.531466
        0.520825
        0.510300
        0.499932
        0.489759
        0.479820
        0.470155
        0.460804
        0.451805
        0.443198
        0.435022
        0.427317
        0.420122
        0.413476
        0.407418
        0.401988
        0.397226
        0.393158
        0.389769
        0.387029
        0.384910
        0.383383
        0.382421
        0.381993
        0.382073
        0.382630
        0.383637
        0.385066
        0.386887
        0.389073
        0.391593
        0.394421
        0.397528
        0.400884
        0.404462
        0.408233
        0.412169
        0.416240
        0.420418
        0.424676
        0.428983
        0.433313
        0.437635
        0.441922
        0.446146
        0.450277
        0.454287
        0.458148
        0.461830
        0.465309
        0.468568
        0.471594
