        0.663056
        0.676502
        0.689060
        0.700731
        0.711514
        0.721409
        0.730417
        0.738537
        0.745769
        0.752114
        0.757571
        0.762141
        0.765822
        0.768617
        0.770523
        0.771542
        0.771674
        0.770917
        0.769274
        0.766742
        0.763323
        0.759016
        0.753822
        0.747739
        0.740770
        0.732912
        0.724167
        0.714535
        0.704015
        0.692607
        0.680311
        0.664706
        0.647559
        0.631880
        0.617668
        0.604923
        0.593647
        0.583838
        0.575497
        0.568624
        0.563218
        0.559280
        0.556810
        0.555807
        0.556272
        0.558205
        0.561605
        0.566474
        0.572810
        0.580613
        0.589885
        0.600624
        0.612830
        0.626505
        0.641647
        0.658257
        0.676334
        0.695879
        0.716892
        0.736668
        0.753342
        0.768996
        0.783632
        0.797250
        0.809848
        0.821427
        0.831988
        0.841530
        0.850053
        0.857557
        0.864042
        0.869509
        0.873957
        0.877385
        0.879795
        0.881187
        0.881559
        0.880913
        0.879247
        0.876563
        0.872860
        0.868139
        0.862398
        0.855639
        0.847861
        0.839063
        0.829248
        0.818413
        0.806559
        0.793687
        0.783306
        0.776452
        0.769961
        0.763832
        0.758066
        0.752662
        0.747620
        0.742942
        0.738625
        0.734672
        0.731080
        0.727852
        0.724985
        0.722482
        0.720340
        0.718562
        0.717146
        0.716092
        0.715401
        0.715072
        0.715106
        0.715502
        0.716261
        0.717383
        0.718867
        0.720713
        0.722922
        0.725494
        0.728427
        0.731724
        0.735150
        0.738190
        0.740909
        0.743305
        0.745379
        0.747130
        0.748559
        0.749665
        0.750449
        0.750911
        0.751050
        0.750867
        0.750361
        0.749533
        0.748383
        0.746910
        0.745115
        0.742997
        0.740557
        0.737794
        0.734709
        0.731302
        0.727572
        0.723520
        0.719146
        0.714449
        0.709429
        0.704088
        0.698423
        0.692437
        0.686128
        0.677226
        0.666567
        0.656702
        0.647628
        0.639348
        0.631861
        0.625166
        0.619264
        0.614155
        0.609839
        0.606315
        0.603585
        0.601647
        0.600502
        0.600149
        0.600590
        0.601823
        0.603849
        0.606668
        0.610279
        0.614684
        0.619881
        0.625871
        0.632654
        0.640229
        0.648597
        0.657759
        0.667712
        0.678459
        0.689999
        0.701384
        0.711536
        0.721042
        0.729903
        0.738118
        0.745687
        0.752610
        0.758888
        0.764519
        0.769505
        0.773845
        0.777539
        0.780588
        0.782991
        0.784748
        0.785859
        0.786324
        0.786143
        0.785317
        0.783845
        0.781727
        0.778964
        0.775554
        0.771499
        0.766798
        0.761451
        0.755458
        0.748820
        0.741536
        0.733606
        0.725030
        0.717657
        0.712205
        0.707064
        0.702235
        0.697716
        0.693508
        0.689612
        0.686027
        0.682752
        0.679789
        0.677137
        0.674796
        0.672766
        0.671047
        0.669640
        0.668543
        0.667758
        0.667283
        0.667120
        0.667268
        0.667727
        0.668497
        0.669578
        0.670970
        0.672673
        0.674688
        0.677013
        0.679650
        0.682598
        0.685856
        0.689426
        0.692295
        0.694134
        0.695849
        0.697438
        0.698901
        0.700240
        0.701452
        0.702540
        0.703502
        0.704339
        0.705050
        0.705637
        0.706097
        0.706433
        0.706643
        0.706727
        0.706687
        0.706521
        0.706229
        0.705813
        0.705271
        0.704603
        0.703810
        0.702892
        0.701849
        0.700680
        0.699386
        0.697966
        0.696421
        0.694751
        0.693476
        0.692710
        0.691972
        0.691262
        0.690579
        0.689924
        0.689297
        0.688697
        0.688125
        0.687580
        0.687063
        0.686574
        0.686112
        0.685678
        0.685272
        0.684893
        0.684542
        0.684219
        0.683923
        0.683655
        0.683414
        0.683202
        0.683016
        0.682859
        0.682729
        0.682626
        0.682552
        0.682505
        0.682485
        0.682493
        0.682529
        0.681431
        0.679334
        0.677444
        0.675760
        0.674283
        0.673012
        0.671948
        0.671091
        0.670441
        0.669997
        0.669760
        0.669729
        0.669905
        0.670288
        0.670878
        0.671674
        0.672677
        0.673886
        0.675302
        0.676925
        0.678755
        0.680791
        0.683034
        0.685483
        0.688139
        0.691002
        0.694072
        0.697348
        0.700831
        0.704520
        0.714982
        0.730917
        0.745328
        0.758216
        0.769580
        0.779420
        0.787737
        0.794529
        0.799798
        0.803543
        0.805764
        0.806462
        0.805636
        0.803286
        0.799412
        0.794014
        0.787093
        0.778648
        0.768679
        0.757186
        0.744170
        0.729630
        0.713566
        0.695978
        0.676867
        0.656231
        0.634072
        0.610390
        0.585183
        0.558453
        0.530198
