        4.120337
       10.115861
       13.954188
       13.529411
        6.800662
        2.449077
       10.815949
        1.213170
        0.872115
        2.821330
        5.279220
        6.333759
        2.958457
        5.798294
        3.385702
        4.798922
        3.266552
       10.251754
        8.619447
        3.898430
       12.170829
        8.101078
        7.762667
       11.243018
        5.824908
        1.930356
        5.101377
        0.627295
        2.511472
       16.637333
        3.245225
       10.523717
        9.938900
        6.047343
       19.164315
        2.731439
        8.626674
        2.428103
        4.979585
       17.072156
        5.259127
        6.185704
       10.871118
       15.950992
        4.452932
       15.660874
       22.285632
       12.632796
        8.774905
        6.013502
       20.422606
       23.458616
       15.723269
        5.003379
       16.167082
       19.582747
       13.284591
       24.388014
       15.893885
       27.570845
        6.998421
       18.183274
       21.390428
       25.346670
        7.028913
       29.725046
       36.371131
       15.583322
       13.035189
        8.419925
       27.853207
       21.915671
       10.907250
       20.584057
       12.546431
       32.614586
       30.461091
       33.775937
       15.297963
        5.377571
       27.088785
       39.910527
       39.602432
       24.800982
       15.578034
       27.612617
       13.387524
       27.765960
       23.123025
       29.412896
       12.819099
       39.015676
       31.867614
       23.263324
       32.041931
       47.350998
       45.870977
       28.041448
       40.837458
       37.490709
       40.839749
       17.429603
       41.105543
       13.710249
       21.153364
       35.009729
       47.692935
       34.312108
       43.872410
       29.834677
       50.111343
       48.341381
       34.392833
       50.979404
       47.832882
       38.816506
       51.242554
       54.125750
       52.803830
       24.000074
        5.865095
        7.221737
       26.455497
        3.187942
        4.004536
        7.496873
       19.750719
       35.963274
       38.337619
       24.189197
       35.648481
       33.192882
       11.478496
       15.511586
        8.798347
       20.739867
       29.933028
       36.689096
       30.579711
       10.299696
       32.448730
       55.485565
       59.805071
       60.867190
       56.373190
       42.626632
       22.624220
       46.842676
       38.126112
       18.442723
       40.322614
       25.418935
       15.855461
       12.646192
       58.541139
       63.053645
       46.054283
       45.182697
       45.223941
       51.864562
       54.444421
       44.575671
       25.512880
       11.169166
       42.068606
       26.643738
        5.368934
       23.992848
       12.985485
       10.848028
       11.558692
       28.637899
       43.774764
       61.048909
       62.794373
       60.321325
       60.372791
       60.503573
       58.827555
       54.433846
       53.407507
       52.553194
       50.307340
       48.992470
       29.406551
       44.864907
       43.510027
       61.707049
       60.842337
       53.460912
       54.084330
       52.737558
       53.233718
       50.968124
       56.587870
       33.937212
       50.869949
       29.276298
       60.184903
       60.772540
       60.060466
       52.372355
       35.187395
       10.601446
       11.921075
       49.483343
       33.751261
       45.695249
       16.450854
       16.742205
       36.258503
       58.662051
       53.518372
       17.947443
       44.056068
       45.292504
       11.101308
       30.989154
       53.866830
       30.118802
       51.927309
       51.931363
       36.999307
       15.647655
       31.166643
       23.484349
       15.264122
        6.395273
       19.476641
       13.721001
       32.696898
       43.848791
       50.267859
       47.086967
       12.228289
       24.113231
       44.975772
       44.069111
       24.129270
       13.554439
       26.866526
       13.699321
       32.500196
       48.304191
       42.077066
       45.078706
       40.843098
       42.743666
       38.577327
       13.963177
       12.156376
       33.328071
       34.233850
       43.021975
       37.413156
       19.015202
       30.360272
       15.416936
       19.244864
       25.927081
       29.422590
       33.588753
       39.285876
       38.790773
       36.995429
       34.857444
       10.064923
        2.322349
       33.025263
       31.706339
       17.570079
       19.110733
       15.614519
       27.468440
       22.437036
       31.489544
       27.504749
       11.018468
       20.537525
        8.554232
       16.386697
        4.998796
        8.883302
       30.120212
       29.351912
        7.961660
       15.451482
        7.491761
        3.584695
        4.395825
        9.109086
        8.919259
       13.049465
       30.074914
       15.852112
        9.960403
        4.059704
        6.042584
       25.084578
       23.095000
       18.694416
       22.807526
       15.416936
       12.115661
       17.566907
       11.949804
       11.115232
       18.750642
        6.998421
        7.918830
        2.570341
        7.533710
       15.004145
       11.105891
       15.865860
        1.299535
       16.766352
       17.309220
        3.362612
        2.741662
        4.851270
        4.048600
       10.232366
       12.720572
        3.654492
        1.192019
        2.497371
        1.520561
        7.335422
        3.861416
        5.203958
        6.615769
        7.251172
       11.933236
        2.113309
        6.690149
        4.431605
       10.638812
        4.551106
        1.541006
        7.589760
        4.530837
        9.446088
        1.376736
        5.777495
        5.812570
        7.172033
        5.272169
        4.238076
        4.170922
        3.055574
        8.124520
        3.801489
        3.312555
        3.544332
        5.036339
        6.265372
        1.548585
        3.096289
        4.645756
        8.108305
        3.832334
        5.124291
        2.932547
        3.705254
