        4.623000
        3.039000
        0.001000
        0.000000
        0.000000
        1.111000
        0.091000
        3.788000
        2.382000
        0.724000
        0.827000
        0.467000
        1.524000
        0.006000
        0.000000
        0.872000
        7.100000
        1.220000
        0.000000
        1.023000
        2.905000
        0.130000
        0.000000
        0.000000
        1.556000
        1.865000
        0.004000
        5.327000
        6.973000
        6.719000
        0.908000
        2.914000
        2.262000
        7.681000
        0.004000
       11.472000
        0.785000
        0.669000
        0.000000
        0.056000
        4.445000
        3.227000
        0.871000
        0.109000
        0.000000
        0.000000
        0.000000
        2.294000
        2.321000
        8.195000
        1.745000
        0.479000
        0.518000
        0.994000
        0.004000
        1.471000
        4.198000
        0.492000
        0.406000
        0.000000
        6.569000
        0.095000
        1.580000
        1.026000
        8.699000
        0.133000
        0.000000
        0.000000
        0.873000
        3.426000
        0.085000
        0.000000
        0.591000
        1.667000
        6.853000
        0.000000
        0.000000
        0.000000
        1.686000
        3.929000
        0.337000
        0.000000
        0.000000
        0.000000
        4.893000
        5.688000
        7.878000
        1.033000
        6.385000
        2.527000
       10.447000
        0.900000
        2.533000
        3.585000
        1.878000
        0.000000
        0.000000
        1.023000
        0.006000
        0.000000
        1.246000
        0.667000
        0.000000
        3.740000
        0.142000
        0.000000
        0.000000
        0.433000
        0.000000
        0.713000
        0.005000
        0.000000
        0.000000
        0.000000
        0.000000
        1.967000
        0.000000
        0.000000
        0.000000
        7.821000
       11.321000
       15.681000
        7.123000
        5.761000
        9.646000
        3.661000
        3.820000
        3.973000
        8.833000
        7.455000
        8.746000
        6.771000
       15.864000
        2.545000
        3.239000
        2.507000
        1.156000
        3.827000
        2.667000
        2.471000
        0.318000
        0.000000
        0.000000
        0.000000
        0.173000
        8.662000
       10.953000
        4.525000
        4.754000
       23.547000
       10.284000
        1.801000
        2.630000
        2.330000
        0.000000
        0.000000
       13.249000
        6.183000
        0.350000
        0.000000
        0.000000
        2.197000
        7.398000
       14.035000
        1.850000
        4.427000
        8.900000
        7.249000
       16.343000
       12.189000
        2.115000
        0.972000
        0.000000
        0.000000
        0.000000
        0.000000
        0.000000
        0.000000
        0.000000
        0.000000
        4.068000
        1.223000
        0.128000
        3.341000
       11.389000
        1.671000
        2.831000
        0.000000
        0.000000
        0.000000
        0.258000
        9.406000
        0.966000
        0.668000
        5.733000
        8.141000
        6.709000
        8.375000
        0.352000
        0.000000
        0.000000
        0.746000
       34.353000
       17.495000
        4.304000
        0.157000
        5.132000
        5.211000
        1.378000
       21.487000
        3.781000
        0.000000
        0.000000
       11.749000
        6.100000
        0.002000
       27.802000
        2.435000
        0.000000
        7.290000
        0.063000
        0.000000
        0.674000
       24.675000
        1.836000
       12.321000
       12.903000
        8.198000
        4.187000
        0.000000
        1.259000
        2.065000
        0.005000
        0.000000
        2.183000
       11.264000
        0.010000
        0.089000
       30.238000
       10.428000
        2.198000
       18.245000
        4.379000
        0.000000
        0.000000
        0.000000
        1.564000
        0.001000
        3.613000
        6.139000
        8.760000
        1.392000
        0.367000
        0.000000
        2.635000
        2.557000
        0.000000
        0.574000
        4.802000
        1.750000
        0.087000
        0.088000
        0.000000
        0.000000
        0.000000
        0.000000
       14.125000
       14.813000
        1.188000
        1.289000
        0.140000
        0.326000
        2.042000
        3.779000
        0.000000
        0.115000
        0.000000
       15.054000
        0.113000
        0.000000
        0.000000
        0.000000
        0.000000
        0.000000
        0.000000
        0.000000
        0.000000
        0.172000
        6.575000
        2.799000
        0.798000
        4.139000
       17.189000
        0.847000
        0.000000
        1.717000
        9.398000
        3.544000
        0.005000
        0.000000
        0.000000
        0.000000
        0.000000
        0.563000
        0.171000
        0.321000
        0.222000
        0.309000
        0.000000
        0.524000
       17.395000
        1.071000
        1.974000
        6.600000
        2.141000
        9.213000
        0.014000
        0.049000
       15.922000
       14.655000
        0.226000
        1.129000
        0.047000
        0.000000
        3.104000
        9.046000
        3.820000
        3.478000
        2.784000
        6.581000
        0.756000
        2.503000
        5.593000
        0.186000
        7.648000
        0.692000
        0.065000
        0.225000
        3.759000
       14.439000
        4.215000
        5.647000
        8.177000
        3.737000
        2.214000
        3.527000
        2.449000
        0.353000
        1.424000
        1.516000
       10.635000
        0.396000
        0.777000
        7.204000
        0.735000
        5.221000
        2.097000
       22.420000
        3.553000
        0.175000
        0.000000
        3.276000
        1.051000
        0.000000
        0.000000
