        1.503000
       -5.095000
       -5.223000
       -5.937000
       -7.960000
       -6.328000
       -3.769000
       -5.775000
       -8.319000
       -7.780000
       -7.016000
       -5.459000
       -3.635000
       -1.693000
       -1.914000
       -4.053000
        2.070000
        1.395000
       -3.400000
       -5.581000
        0.351000
       -0.854000
       -3.025000
       -2.338000
       -1.764000
       -4.708000
       -9.274000
       -4.991000
       -3.474000
       -5.171000
       -7.665000
       -7.955000
       -4.050000
        0.528000
        1.996000
       -0.374000
       -0.412000
       -0.898000
       -4.462000
       -3.392000
       -7.404000
       -9.271000
       -7.719000
       -6.884000
       -6.573000
       -6.079000
       -3.626000
       -0.503000
        2.056000
        1.530000
       -0.283000
        1.553000
        4.165000
        3.712000
        4.561000
        5.476000
        3.152000
        5.055000
        7.078000
        4.932000
        2.521000
        1.062000
       -0.474000
       -2.551000
       -4.915000
       -5.691000
       -5.029000
       -8.120000
       -5.909000
       -5.118000
       -3.964000
       -0.987000
       -0.843000
        1.002000
        0.991000
        4.501000
        9.593000
       10.653000
        9.796000
        8.163000
        8.837000
       10.377000
       12.116000
       14.033000
        5.809000
        4.482000
        4.297000
        9.427000
        8.118000
        3.825000
       -0.336000
        3.008000
        7.814000
        3.937000
        3.820000
        7.882000
       12.445000
        9.188000
        9.925000
        8.762000
        3.992000
        2.675000
        4.850000
        3.381000
        4.439000
        6.733000
        9.132000
        9.967000
       12.152000
       10.459000
       11.519000
        8.860000
       10.197000
       14.074000
       16.372000
       12.966000
       13.808000
       15.400000
       18.160000
       13.006000
        9.115000
        6.666000
        7.321000
        5.886000
        4.265000
        3.468000
        5.071000
       10.017000
       10.028000
        9.756000
       10.372000
       10.283000
        3.964000
        5.124000
        4.734000
        5.714000
        8.271000
        8.858000
        6.525000
        6.055000
       10.165000
       13.929000
       16.636000
       18.474000
       19.788000
       15.932000
       11.700000
       13.399000
       14.040000
       10.814000
        9.012000
        9.920000
        9.453000
        9.290000
       15.749000
       20.062000
       19.650000
       14.945000
       17.335000
       20.871000
       24.040000
       19.256000
       15.159000
       13.412000
       14.871000
       14.590000
       11.066000
       12.547000
       11.093000
        7.856000
        6.647000
        9.490000
       11.689000
       14.754000
       16.743000
       18.967000
       20.846000
       21.330000
       22.075000
       21.908000
       21.527000
       21.722000
       22.770000
       22.214000
       18.737000
       20.033000
       17.748000
       18.894000
       22.459000
       25.013000
       25.447000
       23.010000
       22.234000
       20.513000
       25.497000
       18.524000
       23.331000
       15.811000
       17.357000
       18.451000
       21.117000
       23.837000
       18.563000
       12.983000
       11.133000
       14.606000
       14.310000
       15.295000
       13.395000
       12.226000
       13.076000
       17.263000
       20.884000
       15.746000
       15.084000
       15.581000
       11.178000
       13.051000
       16.392000
       15.506000
       18.574000
       19.952000
       19.106000
       14.806000
       15.603000
       14.146000
       12.148000
        9.131000
       12.313000
       13.910000
       15.490000
       19.973000
       22.025000
       22.225000
       18.502000
       15.737000
       16.113000
       22.015000
       16.302000
       10.811000
       11.014000
        7.290000
       10.871000
       12.276000
       13.612000
       15.748000
       15.429000
       14.616000
       13.367000
       13.034000
       12.008000
       12.972000
       14.255000
       15.249000
       15.983000
       11.362000
       12.126000
       12.237000
       10.265000
       10.762000
       10.714000
       11.369000
       13.570000
       15.664000
       16.036000
       16.626000
       12.370000
        7.462000
        6.550000
        7.382000
        6.369000
        9.280000
       10.171000
       10.560000
       13.422000
       16.038000
       17.716000
       12.147000
       11.620000
       10.757000
       12.495000
        9.857000
        7.263000
        7.102000
        8.315000
        4.589000
        6.771000
        4.139000
        2.743000
        3.390000
        3.203000
        2.373000
        3.081000
        3.036000
        3.693000
        6.895000
        2.600000
        1.928000
        3.362000
        4.146000
        7.021000
       10.357000
       10.135000
        8.970000
        9.246000
        6.816000
        7.631000
       11.868000
        9.541000
        9.089000
        4.850000
        1.012000
        4.318000
        5.419000
        3.640000
        7.320000
       12.539000
       11.906000
        6.078000
        0.134000
        0.545000
        1.035000
        3.389000
        2.396000
       -0.848000
       -0.214000
       -1.200000
       -1.602000
       -0.595000
       -4.265000
       -5.259000
       -2.667000
       -3.213000
       -5.592000
       -6.478000
       -6.280000
       -7.772000
       -5.452000
       -2.832000
        0.707000
        7.692000
        6.661000
       -3.344000
       -3.801000
        0.108000
       -1.197000
       -4.529000
       -6.963000
       -8.664000
       -8.066000
       -3.958000
       -6.918000
       -1.346000
        3.160000
        3.749000
        3.412000
        3.428000
       -2.777000
       -6.948000
       -7.688000
       -7.082000
       -4.355000
        0.275000
       -0.583000
       -1.771000
