        7.811111
       49.016667
      133.233333
       92.272222
       27.322222
        9.044444
       44.800000
       10.150000
       16.610526
       32.088889
       42.377778
        9.766667
        5.911111
        4.861111
        5.105556
        5.422222
       58.133333
      109.405556
       10.152632
        7.584211
       27.857895
       27.765000
       49.631579
       74.000000
        5.400000
        9.631579
       22.842105
        6.194737
        5.557895
        9.915789
       16.263158
       17.735000
       53.205000
       82.285000
      173.130000
       10.330000
        4.727273
        5.190000
       42.338095
       68.400000
       17.071429
       22.866667
       26.190476
       45.722727
       50.433333
       85.163636
      147.552381
      159.277778
       59.723810
       69.180952
      211.190476
      273.272727
      257.204545
       64.490909
      125.800000
      319.745455
      173.522727
      502.495652
      364.239130
      388.469565
       38.547826
      267.404348
      201.134783
      262.856522
        7.200000
      102.704167
      198.487500
      103.792308
      149.687500
       14.333333
       63.079167
      183.358333
      150.662500
      148.816667
       61.608333
      388.200000
      785.966667
      760.408000
      295.212000
       11.140000
      358.307692
      539.572000
      716.030769
      923.861538
      226.888462
      188.350000
       65.473077
      373.703846
      294.180769
      228.819231
       29.500000
      255.126923
      469.234615
      149.296154
      307.023077
      606.381481
      839.300000
      289.981481
      386.689286
      545.542857
      348.039286
      241.328571
      331.971429
      100.232143
      156.778571
      314.321429
      472.957143
      541.907143
      761.889286
      548.327586
      715.250000
      582.541379
      654.317241
      994.755172
     1202.358621
      559.800000
      812.744828
     1065.244828
     1266.048276
      314.962069
       13.160000
        3.076667
      162.202941
        6.120000
        0.293333
        0.390323
      128.693548
      467.025806
      254.394737
       94.369231
      181.771795
      237.509524
        2.254167
       41.606522
       39.042500
      150.542857
      339.787097
      445.634375
      294.184375
       27.726667
      229.540000
      636.967742
      937.258065
     1099.151613
     1284.431250
      766.743750
      136.575610
      435.920588
      419.721053
      134.997436
      308.235135
      275.213889
       77.843590
       10.968889
      501.590244
     1289.415625
      713.848718
      288.228205
      498.554545
     1178.475000
     1913.809375
      726.874286
      404.297222
       20.652778
      402.786111
      243.184211
       61.795745
       95.364583
        8.992683
       21.867442
      110.442500
      277.614634
      433.106061
      792.709375
      941.903125
     1153.531250
     1261.090625
     1252.525000
     1305.184375
     1199.268750
     1034.187500
     1029.935484
     1179.190625
      910.896875
      227.243750
      805.346875
      717.190625
     1172.078125
     1594.140625
     1726.343750
     1576.153125
     1118.678125
     1044.831429
      805.540625
     1344.162857
      575.417647
     1231.975000
      255.184615
      720.402778
      905.731250
     1222.903125
     1541.309375
      347.687179
       10.253488
       11.020513
      734.115625
      340.200000
      390.804878
      120.962500
       44.669231
      296.787500
      878.612903
     1133.326667
      118.052778
      361.192500
      547.848387
       46.873684
      402.085294
      768.420000
      379.863333
      817.473333
     1088.396667
      730.547059
      154.024324
      554.266667
      182.510526
      141.169231
       15.071053
      195.980000
      253.483333
      325.232258
      568.162069
      851.213793
      844.027586
      368.253333
      126.237143
      731.386207
     1200.596552
      235.363158
       79.433333
      351.937931
       93.430233
      255.735897
      574.717857
      605.292857
      637.439286
      588.455556
      633.814815
      574.851852
       97.508571
       52.588235
      402.672414
      419.270968
      583.370370
      439.502941
      158.244737
      376.629630
      358.614815
      192.977143
      327.227778
      444.316000
      522.012000
      555.516000
      657.216000
      618.232000
      617.312000
      218.800000
        1.743750
      139.102500
      306.228000
      180.427273
      270.564286
      175.300000
      202.072973
      534.895833
      685.104167
      943.808333
       92.913043
      143.112500
        8.775000
      153.304167
        1.673913
       38.345833
      237.543478
      293.117391
       37.043478
      241.256522
      128.956522
        4.235714
        3.291304
       77.718182
       69.554545
       78.259091
      254.959091
      218.750000
       88.776190
        9.913636
       85.172727
      263.442857
      251.540909
      403.452381
      457.723810
      482.414286
      319.140909
      249.714286
       66.871429
      167.128571
      320.342857
      130.010000
      194.960000
       68.390000
       61.400000
      159.919048
      180.800000
      218.005000
        7.052632
      452.170000
      518.650000
       24.855000
        3.105263
       57.942105
        8.610000
       90.505263
      124.236842
        3.647368
        2.368421
        2.231579
        2.984211
       78.457895
        4.463158
        9.821053
       50.063158
       16.763158
       75.889474
        5.126316
        7.068421
       11.850000
       20.094444
      173.400000
        2.888889
      198.058824
       60.584211
       10.941176
       23.127778
       79.905882
       10.205882
      106.482353
       32.577778
       26.350000
       14.958824
        4.994118
       15.276471
      192.952632
      146.272222
      235.947368
       35.170000
      124.711111
        4.577778
       10.372222
       33.650000
       72.889474
       68.468421
        3.972222
        3.565000
        4.066667
