        0.358782
        0.328717
        0.300480
        0.274072
        0.249492
        0.226740
        0.205817
        0.186722
        0.169456
        0.154018
        0.140409
        0.128628
        0.118675
        0.110551
        0.104255
        0.099787
        0.097148
        0.096338
        0.097356
        0.100202
        0.104876
        0.111379
        0.119711
        0.129871
        0.141859
        0.155676
        0.171321
        0.188794
        0.208096
        0.229226
        0.252185
        0.269002
        0.278100
        0.286926
        0.295479
        0.303759
        0.311766
        0.319501
        0.326963
        0.334152
        0.341068
        0.347712
        0.354083
        0.360181
        0.366006
        0.371558
        0.376838
        0.381845
        0.386579
        0.391041
        0.395229
        0.399145
        0.402788
        0.406158
        0.409256
        0.412081
        0.414633
        0.416912
        0.418918
        0.426724
        0.436816
        0.446211
        0.454909
        0.462910
        0.470214
        0.476821
        0.482730
        0.487943
        0.492458
        0.496277
        0.499398
        0.501822
        0.503549
        0.504579
        0.504912
        0.504548
        0.503487
        0.501729
        0.499273
        0.496121
        0.492271
        0.487725
        0.482481
        0.476541
        0.469903
        0.462568
        0.454536
        0.445807
        0.436381
        0.426257
        0.419631
        0.416927
        0.414095
        0.411134
        0.408044
        0.404825
        0.401478
        0.398002
        0.394397
        0.390664
        0.386801
        0.382810
        0.378691
        0.374442
        0.370065
        0.365559
        0.360924
        0.356161
        0.351268
        0.346247
        0.341098
        0.335819
        0.330412
        0.324876
        0.319211
        0.313418
        0.307496
        0.301445
        0.295265
        0.288957
        0.280417
        0.270177
        0.260518
        0.251440
        0.242941
        0.235024
        0.227686
        0.220929
        0.214752
        0.209155
        0.204139
        0.199703
        0.195847
        0.192572
        0.189877
        0.187762
        0.186228
        0.185274
        0.184901
        0.185107
        0.185894
        0.187262
        0.189210
        0.191738
        0.194846
        0.198535
        0.202804
        0.207653
        0.213083
        0.219093
        0.225684
        0.229146
        0.229150
        0.229292
        0.229573
        0.229993
        0.230552
        0.231250
        0.232087
        0.233063
        0.234177
        0.235431
        0.236823
        0.238355
        0.240025
        0.241834
        0.243782
        0.245869
        0.248095
        0.250460
        0.252964
        0.255606
        0.258388
        0.261308
        0.264368
        0.267566
        0.270903
        0.274379
        0.277994
        0.281748
        0.285641
        0.289014
        0.291743
        0.294445
        0.297119
        0.299767
        0.302387
        0.304980
        0.307545
        0.310084
        0.312595
        0.315079
        0.317535
        0.319965
        0.322367
        0.324742
        0.327090
        0.329411
        0.331704
        0.333970
        0.336209
        0.338421
        0.340605
        0.342763
        0.344893
        0.346995
        0.349071
        0.351119
        0.353140
        0.355134
        0.357101
        0.359040
        0.360464
        0.361486
        0.362634
        0.363908
        0.365306
        0.366831
        0.368481
        0.370256
        0.372157
        0.374183
        0.376335
        0.378612
        0.381014
        0.383543
        0.386196
        0.388975
        0.391880
        0.394910
        0.398066
        0.401347
        0.404753
        0.408285
        0.411943
        0.415726
        0.419634
        0.423668
        0.427828
        0.432113
        0.436523
        0.441059
        0.445721
        0.453843
        0.464735
        0.474832
        0.484132
        0.492635
        0.500343
        0.507255
        0.513370
        0.518689
        0.523212
        0.526939
        0.529869
        0.532004
        0.533342
        0.533884
        0.533630
        0.532580
        0.530733
        0.528091
        0.524652
        0.520417
        0.515386
        0.509558
        0.502935
        0.495515
        0.487299
        0.478287
        0.468479
        0.457875
        0.446474
        0.437981
        0.433070
        0.428259
        0.423550
        0.418942
        0.414435
        0.410030
        0.405726
        0.401524
        0.397422
        0.393422
        0.389524
        0.385726
        0.382031
        0.378436
        0.374943
        0.371551
        0.368260
        0.365071
        0.361983
        0.358996
        0.356111
        0.353327
        0.350644
        0.348063
        0.345583
        0.343204
        0.340927
        0.338751
        0.336676
        0.334703
        0.328909
        0.319724
        0.311213
        0.303377
        0.296215
        0.289727
        0.283913
        0.278774
        0.274308
        0.270517
        0.267400
        0.264957
        0.263189
        0.262095
        0.261674
        0.261929
        0.262857
        0.264459
        0.266736
        0.269687
        0.273312
        0.277611
        0.282585
        0.288233
        0.294555
        0.301551
        0.309221
        0.317566
        0.326585
        0.336278
        0.346242
        0.355501
        0.364131
        0.372133
        0.379507
        0.386252
        0.392370
        0.397859
        0.402720
        0.406953
        0.410557
        0.413533
        0.415881
        0.417601
        0.418692
        0.419156
        0.418991
        0.418197
        0.416776
        0.414726
        0.412048
        0.408742
        0.404808
        0.400245
        0.395054
        0.389235
        0.382788
        0.375712
        0.368008
        0.359676
        0.350716
