        6.723814
        4.216925
        9.538270
        7.343530
        3.074257
        7.144361
        5.566693
       10.287005
        2.100619
        4.866076
        1.891051
        2.191743
        0.406270
        8.651878
        4.510039
        4.081208
        6.687858
        3.561605
        8.963323
        1.839760
        8.911503
       13.772115
       13.910829
       11.689298
        8.403005
        4.775656
        4.811789
        8.857217
        6.605546
       16.344748
       15.402483
       15.379217
       14.367508
       17.219330
       17.638643
       18.111185
       16.991431
       10.462027
        5.091331
       14.315865
       19.105269
        3.218611
       15.073589
       17.617492
       18.369929
       16.237937
       20.520957
       21.467452
       14.854679
       14.464272
       21.966962
       12.747715
        8.419044
        6.746022
       22.357016
       24.936346
       12.606710
       20.375017
       26.234296
       23.637692
       13.422423
       27.523079
       24.683772
       20.876818
        7.435007
       23.519601
       17.325965
       25.347552
       23.851314
       19.819635
       21.946340
        8.692417
       27.732119
       33.163800
       34.273860
       35.127821
       34.660037
       30.684407
        7.694456
       11.553405
       29.902712
       22.628627
        8.471216
       16.841966
       26.854717
       37.898918
       39.978738
       40.758495
       40.327902
       38.798176
       40.458684
       38.961213
       22.491323
       23.737982
       28.155662
        9.490857
       30.062576
       34.148719
       30.160750
       20.804906
       26.085359
       41.758395
       31.323335
       42.542558
       36.664773
       44.700284
       38.070767
       30.675770
       21.852748
       42.820514
       47.144426
       45.153615
       30.335068
       42.265836
       42.663117
       50.237366
       41.298896
       40.031439
       42.227060
       28.570569
       18.469866
       24.499231
       33.456561
       30.026091
        9.008268
       16.481170
       33.033900
       32.303318
       12.440501
       36.945020
       43.975872
       44.100485
       29.032536
       44.654105
       51.166588
       41.055839
       54.893345
       55.365006
       54.021583
       55.007911
       19.227943
       24.264635
       49.910412
       57.027453
       57.719962
       48.121237
       26.322776
       47.507513
       58.209425
       56.930688
       29.051395
       13.722940
       32.047571
       15.160131
       34.734770
       22.156260
       49.443862
       57.448352
       56.590690
       55.896770
       54.942697
       30.225965
       31.505936
       35.870387
       53.558206
       49.681279
       33.523362
       58.214360
       40.808375
       30.788751
       34.843872
       44.981589
       39.545854
       23.111744
       49.852952
       44.932766
       58.247497
       48.440613
       38.806636
       58.070359
       56.386938
       35.614287
       38.245789
       48.008786
       56.355565
       48.581089
       29.136174
       43.568016
       26.409494
       44.379498
       34.758388
       41.987704
       33.247522
       24.419211
       46.699203
       36.409026
       53.709610
       45.565877
       44.460400
       41.902044
       36.441457
       42.564766
       50.430190
       46.282887
       15.522513
       49.301800
       28.761278
       38.796061
       54.218637
       54.204008
       53.015513
       48.491903
       50.707617
       51.737305
       51.186152
       39.341926
       37.957963
       32.102563
       38.272580
       44.277270
       44.236202
       36.827986
       19.160085
       32.306667
       33.835864
       17.394881
       41.065004
       39.288344
       33.566721
       41.801578
       32.639086
       33.563901
       28.609345
       39.146986
       44.851688
       12.227055
       35.478570
       17.689228
       39.991076
       41.503882
       30.564729
       25.994235
       29.405317
       40.931578
       41.038566
       34.118755
       36.605022
       39.170076
       37.706270
       39.310728
       39.483283
       38.778259
       37.581833
       30.873530
       14.621493
       31.168406
       18.789595
       17.442646
       25.507945
       35.692545
       35.159018
       23.047058
       28.758986
       16.228947
       18.903809
       10.570954
       22.564293
        4.982405
        4.831177
       13.540162
       16.105921
       12.425872
       26.112326
       27.631653
       13.410614
       35.983544
       29.239460
       34.830477
       10.968058
       14.569850
       20.712900
       12.026123
        5.496191
       10.292117
       11.617209
        6.193107
       17.913779
       10.717422
       20.559734
        9.790668
       17.583299
        5.196908
        8.389609
       17.425549
       25.966386
       22.625983
       27.310515
       12.212602
        2.136928
        4.508276
        8.639364
       14.786997
       20.201581
       10.784223
        2.603830
        8.210533
       11.935351
        9.730212
        2.935544
        7.404162
        8.038860
       13.840855
        5.574096
       13.407441
       12.873033
        3.581346
        7.698686
       14.917250
       17.723951
       15.680263
        4.937988
        3.945138
        8.509640
        3.861240
        8.357354
        8.217055
        5.890476
       16.868228
        5.379333
        8.001317
        6.797665
        5.816977
        3.665067
        2.289389
        2.803352
        6.688563
        9.990366
        3.702434
        1.310287
        5.443490
        2.928493
        2.662523
        2.564525
        4.390713
        4.155235
        6.567651
       11.595177
       13.691214
       11.658101
       12.100856
        5.014131
        4.433015
        1.247364
        4.392123
        2.660232
        9.730741
        6.104803
        4.527840
       10.615723
        0.528768
        0.562609
        3.079192
        7.968358
       11.680309
        6.820578
