        0.941000
        1.236000
        0.146000
        0.600000
        0.987000
        0.006000
        0.751000
        4.738000
       13.641000
        6.634000
       10.851000
       12.854000
       37.787000
       10.212000
        9.388000
        5.962000
       15.939000
        1.269000
        2.255000
       17.766000
        1.254000
        0.138000
        0.000000
        4.238000
        3.929000
        0.918000
        5.133000
        3.662000
        5.137000
        0.207000
        0.000000
        0.000000
        0.000000
        0.000000
        0.000000
        0.000000
        0.000000
        3.260000
        9.277000
        4.105000
        0.000000
        8.911000
        0.235000
        0.000000
        0.000000
        0.074000
        0.059000
        0.153000
        1.280000
        0.329000
        0.000000
        0.175000
        3.135000
       14.137000
        0.941000
        0.035000
        2.783000
        0.806000
        0.000000
        0.363000
        0.453000
        0.116000
        0.000000
        0.655000
        4.324000
        0.668000
        1.988000
        0.690000
        4.135000
        3.934000
        0.000000
        1.982000
        1.368000
        0.000000
        0.000000
        0.000000
        0.000000
        0.000000
        1.613000
        1.917000
        2.295000
        2.651000
       12.146000
        4.171000
        0.362000
        0.000000
        0.000000
        0.000000
        0.000000
        0.000000
        0.000000
        0.000000
        4.920000
        1.430000
        6.932000
       12.746000
        8.428000
        2.447000
        0.543000
        3.572000
        2.767000
        0.000000
        0.126000
        0.000000
        3.092000
        0.000000
        0.254000
        5.578000
        9.820000
        0.000000
        0.000000
        0.054000
        3.843000
        0.419000
        0.000000
        0.000000
        0.162000
        0.198000
        0.095000
        3.728000
        6.441000
        5.368000
        0.363000
        4.875000
       24.297000
        7.141000
        3.456000
        5.608000
        9.150000
        0.447000
        0.178000
        1.819000
        1.579000
        0.000000
        0.000000
        0.373000
        0.000000
        0.000000
        0.000000
        0.000000
       15.302000
        3.273000
        0.000000
        0.000000
        0.000000
        0.000000
        1.110000
        1.171000
        0.000000
        0.000000
        7.136000
       14.510000
       10.124000
       12.587000
        2.612000
        4.702000
        0.231000
        0.000000
        0.000000
        0.000000
        0.000000
        7.881000
        7.217000
        1.638000
        0.113000
        0.124000
        2.937000
        0.000000
        2.200000
        1.596000
        3.502000
        0.266000
        1.486000
        5.308000
        0.083000
        0.550000
        0.000000
        1.833000
        6.594000
        0.000000
        0.000000
        0.000000
        4.720000
        0.055000
        0.000000
        3.192000
        9.879000
        4.840000
       28.072000
       10.043000
        6.960000
        3.625000
        5.899000
        3.331000
        0.118000
        0.000000
        0.323000
        4.280000
        1.758000
        3.167000
        6.205000
        6.025000
        5.579000
        8.076000
       15.550000
        0.483000
        1.582000
        0.590000
        0.000000
        0.000000
        0.000000
        0.000000
        0.000000
        0.000000
        0.000000
        2.502000
        5.588000
        9.513000
        4.851000
        0.804000
        0.079000
        1.671000
       15.150000
       20.206000
        5.114000
        3.895000
        0.199000
        0.335000
        3.437000
        0.012000
        9.544000
        9.084000
        4.275000
        0.402000
        0.000000
       22.357000
        1.797000
        8.497000
        0.257000
        0.000000
        3.252000
        2.783000
        0.666000
        0.000000
        0.000000
        2.226000
        2.201000
        0.000000
        0.000000
        0.000000
        0.000000
        0.000000
        0.364000
        1.625000
        9.621000
        0.002000
        8.631000
        3.292000
        0.438000
        0.000000
        0.000000
        0.291000
        0.462000
        1.885000
        1.524000
       13.933000
       10.241000
        5.840000
        2.129000
        0.117000
        0.181000
        1.174000
        0.202000
        1.895000
        0.422000
        0.011000
        0.000000
        0.000000
        4.090000
        2.102000
        1.669000
        4.292000
        6.728000
        0.161000
        0.216000
        0.000000
        2.617000
        6.410000
        1.561000
        2.386000
        1.428000
        0.725000
        6.764000
        5.404000
        0.005000
        0.000000
        0.000000
        4.107000
       19.304000
        1.216000
        2.023000
        3.343000
        1.466000
        0.827000
        0.519000
        0.085000
        0.000000
        0.000000
        3.675000
        0.507000
        2.330000
        0.537000
        0.323000
        0.741000
        0.313000
        0.000000
        3.368000
        0.885000
        0.000000
        0.000000
        0.117000
        0.623000
       10.945000
        2.138000
        0.418000
        2.118000
        3.985000
        0.411000
        0.000000
        0.130000
        0.278000
        0.399000
        3.430000
        0.687000
        0.143000
        1.115000
        1.244000
        0.000000
        0.000000
        0.000000
        0.000000
        0.000000
        0.000000
        0.000000
        0.000000
        0.000000
        0.000000
        0.000000
        0.000000
        0.777000
        9.384000
        7.096000
       25.375000
        0.036000
        0.115000
        0.018000
        1.378000
        0.530000
        2.190000
        8.266000
        2.985000
        5.602000
        2.018000
        0.004000
        0.646000
