       -1.990000
       -2.229000
       -5.167000
       -5.081000
       -1.466000
        1.746000
        1.948000
        2.490000
        3.168000
        2.044000
        4.456000
        4.226000
        7.012000
        2.348000
       -0.702000
        2.769000
        1.542000
       -0.767000
       -2.058000
        1.025000
       -2.254000
       -4.047000
       -1.110000
       -0.661000
       -0.650000
       -1.655000
       -1.016000
       -3.407000
       -4.049000
       -1.839000
        3.070000
        5.865000
        6.688000
        6.082000
        6.334000
        7.065000
        8.059000
        5.115000
        0.743000
       -1.285000
       -0.039000
       -0.628000
        0.044000
        1.729000
        2.787000
        1.646000
        2.668000
        3.214000
        0.368000
       -0.271000
        2.924000
        6.304000
        5.617000
       -2.980000
       -3.999000
       -0.550000
       -1.946000
       -4.138000
       -3.221000
       -3.683000
       -3.024000
        0.607000
        2.672000
        3.492000
        2.481000
        0.821000
       -0.445000
       -1.273000
       -0.484000
       -1.337000
        4.436000
        4.391000
        6.834000
        8.138000
       10.123000
       11.904000
       11.983000
        9.165000
        7.766000
        7.190000
        3.450000
        1.471000
        0.205000
        0.021000
       -0.176000
        0.124000
        2.601000
        5.660000
        8.802000
       10.328000
       10.801000
       11.937000
        8.613000
        8.497000
        5.896000
        3.188000
        1.948000
        2.881000
        4.397000
        3.436000
        4.491000
        6.220000
        5.168000
        7.411000
        8.487000
       10.650000
       10.694000
       10.115000
        3.853000
        8.261000
       12.869000
       14.816000
       11.542000
        8.621000
        7.696000
       10.019000
       12.876000
       13.774000
       13.871000
       12.352000
        9.854000
        9.475000
       11.497000
       12.385000
        6.277000
        4.058000
        5.810000
        6.097000
        4.239000
        8.840000
       11.283000
       11.264000
        8.436000
       10.230000
       11.869000
       11.001000
       13.547000
       15.981000
       16.640000
       17.967000
       13.093000
        7.580000
        6.733000
        9.211000
       12.281000
       14.199000
       11.908000
       11.327000
       12.990000
       15.289000
       11.808000
        9.937000
       11.676000
       10.320000
       12.422000
       11.074000
       12.658000
       16.852000
       19.942000
       21.754000
       22.429000
       16.893000
       13.720000
       10.549000
       14.379000
       16.511000
       13.648000
       15.942000
       15.072000
       12.716000
       10.978000
       13.079000
       15.828000
       15.858000
       14.883000
       13.788000
       16.746000
       20.765000
       17.061000
       16.114000
       18.965000
       16.922000
       13.232000
       14.617000
       17.449000
       19.145000
       15.813000
       19.344000
       16.970000
       13.229000
       11.313000
       11.001000
       10.648000
       10.266000
       13.434000
       16.592000
       19.455000
       19.437000
       20.170000
       18.671000
       18.908000
       19.733000
       21.455000
       22.280000
       16.200000
       17.522000
       14.657000
       13.815000
       16.548000
       18.509000
       20.323000
       21.202000
       21.844000
       21.743000
       21.814000
       20.042000
       19.362000
       17.966000
       18.710000
       20.472000
       21.803000
       21.341000
       17.640000
       19.458000
       14.349000
       12.853000
       16.246000
       19.969000
       19.346000
       21.137000
       18.561000
       15.932000
       12.228000
       14.276000
       19.375000
       15.004000
       15.320000
       11.118000
       14.470000
       16.969000
       15.341000
       14.879000
       12.340000
       14.781000
       17.823000
       18.431000
       18.258000
       18.676000
       18.277000
       18.183000
       17.301000
       17.431000
       20.173000
       18.618000
       13.510000
       16.115000
       15.565000
       11.663000
       11.136000
       12.919000
       15.806000
       14.019000
       13.528000
       10.904000
        9.472000
       11.114000
        7.150000
        5.703000
        5.169000
        7.660000
       11.381000
       11.377000
       14.169000
       14.808000
       12.310000
       14.921000
       15.612000
       19.251000
       14.976000
       11.810000
       14.812000
        9.579000
        7.286000
        4.644000
        7.183000
        6.490000
        9.363000
        5.849000
        4.157000
        3.763000
        7.475000
        6.835000
       10.831000
       12.960000
       13.518000
       13.849000
       15.041000
       12.242000
        6.003000
        5.319000
        8.803000
        9.937000
        9.330000
        7.909000
        6.589000
        7.467000
        9.509000
        8.770000
        8.266000
        3.638000
        2.355000
        1.443000
       -1.466000
       -1.318000
        0.197000
       -0.486000
       -0.048000
       -0.730000
       -1.536000
       -1.060000
        0.607000
        3.673000
        1.092000
       -2.683000
       -0.741000
        4.536000
        4.832000
        2.761000
       -0.487000
        2.788000
        3.911000
        0.463000
        2.738000
        0.571000
       -0.029000
       -0.534000
        3.241000
        0.380000
       -0.349000
       -0.389000
       -1.601000
       -3.486000
       -3.325000
       -3.029000
       -3.704000
       -3.332000
       -1.887000
        0.727000
       -2.367000
       -0.032000
        2.271000
       -0.943000
        0.362000
       -6.295000
       -4.868000
       -5.750000
        0.232000
        3.676000
        3.514000
       -1.330000
       -1.773000
       -2.697000
       -2.327000
       -2.896000
       -2.301000
