      110.487500
      106.387500
      124.200000
      142.906250
      109.287500
      175.231250
      138.523529
      178.229412
       91.070588
       83.705882
      174.488235
      132.466667
      107.564706
      158.917647
       78.347059
      297.583333
      131.133333
       92.438889
      137.366667
       81.033333
      111.427778
      157.661111
      238.833333
      249.000000
      117.100000
      185.127778
      133.983333
      124.077778
      107.984211
      238.963158
      373.815789
      359.489474
      448.794737
      408.257895
      436.226316
      499.268421
      517.994737
      242.673684
      131.852632
      179.573684
      271.336842
      104.230000
      169.140000
      218.655000
      232.275000
      195.145000
      227.528571
      280.847619
      158.290476
      214.990476
      300.952381
      368.214286
      247.685714
       97.804762
      190.061905
      320.519048
      152.823810
      184.380952
      251.371429
      191.345455
      147.318182
      262.518182
      383.809091
      339.636364
      167.131818
      210.495652
      142.130435
      210.456522
      241.295652
      167.100000
      364.178261
      288.913043
      361.421739
      473.445833
      634.866667
      797.766667
      739.375000
      464.362500
      257.937500
      273.116667
      282.516667
      192.129167
       87.262500
      151.300000
      229.504167
      293.870833
      385.908000
      516.120000
      641.538462
      644.296154
      648.634615
      687.669231
      329.376923
      418.730769
      280.403846
       88.088462
      126.319231
      178.023077
      368.350000
      189.323077
      149.246154
      427.123077
      380.423077
      472.466667
      382.014815
      616.118519
      538.548148
      433.881481
      250.450000
      564.035714
      754.403571
      894.478571
      294.460714
      447.842857
      464.835714
      620.817857
      811.978571
      779.689286
      828.660714
      513.460714
      186.310714
      249.775862
      557.641379
      515.555172
      122.289655
      118.455172
      241.975862
      349.613793
      149.624138
      422.410345
      555.533333
      449.306667
      297.680000
      549.320000
      637.693333
      453.233333
      772.656667
      957.410000
      895.540000
     1110.403333
      243.356667
      274.736667
      473.086667
      627.300000
      782.387097
      868.464516
      469.290323
      538.948387
      790.751613
      973.209677
      231.893548
      209.938710
      298.774194
      138.619355
      418.519355
      214.287097
      559.067742
      881.287097
     1139.915625
     1379.228125
     1388.471875
      424.356250
      386.862500
      334.859375
      741.546875
      811.309375
      369.459375
      826.668750
      550.003125
      379.121875
      399.475000
      655.718750
      684.381250
      438.287500
      721.328125
      651.471875
      937.090625
     1205.068750
      514.440625
      894.225000
     1173.690625
      804.859375
      421.090625
      765.209375
     1046.671875
      924.528125
      379.309375
      645.368750
      424.815625
      570.378125
      340.470968
      378.790323
      228.967742
      200.264516
      618.133333
      714.686667
      893.513333
      614.683333
      843.926667
      621.906667
      525.756667
      599.373333
      855.103333
      939.526667
      129.380000
      713.883333
      519.376667
      549.253333
      858.473333
     1037.750000
     1132.443333
     1144.770000
     1205.163333
     1192.613333
     1257.746667
      748.596667
      541.420000
      307.182759
      485.075862
      963.293103
     1226.914286
      982.671429
      200.289286
      437.103571
      360.582143
      294.878571
      649.192857
     1075.235714
      703.496429
     1141.442857
      424.153571
      453.378571
      315.650000
      619.960714
     1187.421429
      255.360714
      654.196296
      139.422222
      599.055556
      795.940741
      402.384615
      389.688462
      450.507692
      709.492308
      877.734615
      652.153846
      581.234615
      901.934615
      779.603846
      830.957692
      816.984615
      862.042308
     1098.804000
      772.668000
      186.860000
      802.704000
      382.580000
      246.884000
      406.512000
      574.672000
      748.828000
      511.480000
      375.080000
      245.712500
      370.837500
      118.491667
       76.579167
        6.831250
        6.975000
       82.810417
      159.281250
      116.912500
      281.993750
      406.606250
      243.241667
      507.702083
      547.252083
      898.312500
      440.285417
      134.970833
      223.806250
       52.362500
        8.243750
       11.527083
       69.635417
        7.400000
       89.639583
       65.389583
       88.372917
       51.727083
      201.727083
       85.241667
      159.095833
      249.527083
      279.660417
      258.033333
      502.937500
      233.227083
        8.118750
       15.181250
      193.091667
      156.620833
      260.800000
      130.018750
       29.943750
       78.747917
      109.433333
        8.687500
       29.437500
      134.991667
       78.066667
      114.266667
       58.516667
       66.506250
       74.370833
       34.302083
       39.733333
      128.475000
      106.420833
       94.675000
      107.758333
      148.262500
      106.337500
       35.133333
       57.335417
       96.193750
       58.027083
      105.195833
       35.547917
       70.231250
       73.787500
       65.139583
       64.537500
       30.416667
       20.485417
       18.156250
      103.310417
       21.947917
        7.127083
       53.418750
        7.718750
        9.616667
       10.270833
       10.766667
       13.368750
       13.645833
       15.868750
       74.537500
      129.016667
      159.233333
       59.491667
      131.508333
       25.535417
       34.804167
       42.916667
       67.379167
       59.935417
      108.552083
      110.345833
        6.089583
        6.654167
        9.279167
        8.368750
       35.618750
       78.679167
