        0.264506
        0.268832
        0.273797
        0.279355
        0.285459
        0.292065
        0.299125
        0.306594
        0.314426
        0.322575
        0.330994
        0.339639
        0.348462
        0.357418
        0.366460
        0.375544
        0.384622
        0.393649
        0.402579
        0.411366
        0.419963
        0.428325
        0.436406
        0.444167
        0.451600
        0.458703
        0.465475
        0.471917
        0.478025
        0.483799
        0.489239
        0.494343
        0.499109
        0.503538
        0.507627
        0.511376
        0.514783
        0.517848
        0.520570
        0.522946
        0.524977
        0.526662
        0.527998
        0.528985
        0.529622
        0.529908
        0.529842
        0.529422
        0.528648
        0.527518
        0.526031
        0.524194
        0.522040
        0.519609
        0.516941
        0.514078
        0.511059
        0.507925
        0.504717
        0.501474
        0.498239
        0.495050
        0.491948
        0.488974
        0.486169
        0.483572
        0.481225
        0.479167
        0.477440
        0.476083
        0.475137
        0.474642
        0.474640
        0.475170
        0.476273
        0.477989
        0.480359
        0.483424
        0.487223
        0.491784
        0.497080
        0.503070
        0.509713
        0.516970
        0.524799
        0.533159
        0.542012
        0.551315
        0.561028
        0.571111
        0.581523
        0.592223
        0.603172
        0.614328
        0.625652
        0.637101
        0.648636
        0.660217
        0.671802
        0.683352
        0.694825
        0.706181
        0.717380
        0.728381
        0.739143
        0.749626
        0.759789
        0.769598
        0.779046
        0.788129
        0.796848
        0.805200
        0.813182
        0.820795
        0.828035
        0.834902
        0.841393
        0.847507
        0.853243
        0.858598
        0.863570
        0.868159
        0.872362
        0.876178
        0.879605
        0.882642
        0.885286
        0.887537
        0.889391
        0.890848
        0.891907
        0.892564
        0.892819
        0.892670
        0.892116
        0.891159
        0.889824
        0.888142
        0.886143
        0.883855
        0.881310
        0.878536
        0.875565
        0.872425
        0.869148
        0.865762
        0.862297
        0.858785
        0.855253
        0.851733
        0.848255
        0.844847
        0.841541
        0.838366
        0.835352
        0.832529
        0.829926
        0.827575
        0.825503
        0.823743
        0.822323
        0.821273
        0.820624
        0.820396
        0.820573
        0.821130
        0.822041
        0.823283
        0.824829
        0.826654
        0.828733
        0.831042
        0.833554
        0.836245
        0.839090
        0.842064
        0.845140
        0.848295
        0.851503
        0.854739
        0.857977
        0.861193
        0.864362
        0.867458
        0.870456
        0.873331
        0.876058
        0.878612
        0.880967
        0.883099
        0.884982
        0.886597
        0.887951
        0.889057
        0.889927
        0.890573
        0.891009
        0.891247
        0.891300
        0.891179
        0.890899
        0.890472
        0.889910
        0.889225
        0.888432
        0.887541
        0.886566
        0.885520
        0.884415
        0.883264
        0.882080
        0.880874
        0.879661
        0.878451
        0.877259
        0.876096
        0.874976
        0.873911
        0.872914
        0.871995
        0.871158
        0.870406
        0.869740
        0.869162
        0.868675
        0.868279
        0.867978
        0.867774
        0.867667
        0.867661
        0.867757
        0.867957
        0.868264
        0.868679
        0.869203
        0.869840
        0.870592
        0.871459
        0.872445
        0.873551
        0.874779
        0.876131
        0.877609
        0.879215
        0.880952
        0.882821
        0.884823
        0.886958
        0.889202
        0.891532
        0.893921
        0.896344
        0.898774
        0.901187
        0.903557
        0.905859
        0.908066
        0.910153
        0.912094
        0.913864
        0.915437
        0.916788
        0.917891
        0.918721
        0.919251
        0.919456
        0.919311
        0.918790
        0.917867
        0.916517
        0.914714
        0.912433
        0.909647
        0.906332
        0.902462
        0.898019
        0.893022
        0.887496
        0.881468
        0.874964
        0.868011
        0.860634
        0.852861
        0.844716
        0.836227
        0.827420
        0.818320
        0.808955
        0.799350
        0.789532
        0.779527
        0.769362
        0.759061
        0.748653
        0.738163
        0.727617
        0.717041
        0.706462
        0.695907
        0.685401
        0.674970
        0.664641
        0.654441
        0.644391
        0.634502
        0.624780
        0.615230
        0.605859
        0.596674
        0.587679
        0.578881
        0.570287
        0.561903
        0.553734
        0.545786
        0.538067
        0.530581
        0.523336
        0.516337
        0.509590
        0.503102
        0.496878
        0.490924
        0.485248
        0.479854
        0.474750
        0.469941
        0.465433
        0.461232
        0.457345
        0.453778
        0.450533
        0.447601
        0.444970
        0.442626
        0.440556
        0.438749
        0.437191
        0.435870
        0.434772
        0.433885
        0.433197
        0.432694
        0.432364
        0.432194
        0.432171
        0.432283
        0.432516
        0.432859
        0.433297
        0.433820
        0.434413
        0.435064
        0.435760
        0.436489
        0.437237
        0.437993
        0.438743
        0.439474
        0.440174
        0.440830
        0.441430
        0.441960
        0.442409
        0.442773
