        0.433706
        0.432942
        0.432127
        0.431280
        0.430419
        0.429566
        0.428738
        0.427955
        0.427237
        0.426603
        0.426072
        0.425664
        0.425398
        0.425293
        0.425369
        0.425646
        0.426142
        0.426877
        0.427871
        0.429142
        0.430710
        0.432595
        0.434816
        0.437383
        0.440274
        0.443457
        0.446900
        0.450571
        0.454439
        0.458472
        0.462638
        0.466905
        0.471243
        0.475619
        0.480001
        0.484357
        0.488657
        0.492868
        0.496959
        0.500897
        0.504652
        0.508191
        0.511483
        0.514496
        0.517198
        0.519557
        0.521543
        0.523123
        0.524265
        0.524938
        0.525110
        0.524762
        0.523927
        0.522650
        0.520976
        0.518950
        0.516618
        0.514026
        0.511218
        0.508239
        0.505136
        0.501953
        0.498735
        0.495529
        0.492379
        0.489330
        0.486428
        0.483718
        0.481246
        0.479056
        0.477194
        0.475706
        0.474636
        0.474030
        0.473934
        0.474392
        0.475450
        0.477152
        0.479546
        0.482661
        0.486477
        0.490958
        0.496069
        0.501775
        0.508040
        0.514828
        0.522105
        0.529836
        0.537985
        0.546516
        0.555395
        0.564586
        0.574053
        0.583763
        0.593678
        0.603765
        0.613987
        0.624309
        0.634697
        0.645114
        0.655525
        0.665896
        0.676191
        0.686374
        0.696411
        0.706265
        0.715902
        0.725291
        0.734422
        0.743287
        0.751881
        0.760198
        0.768232
        0.775976
        0.783424
        0.790570
        0.797408
        0.803931
        0.810134
        0.816011
        0.821554
        0.826759
        0.831618
        0.836126
        0.840277
        0.844064
        0.847481
        0.850522
        0.853181
        0.855452
        0.857328
        0.858803
        0.859872
        0.860528
        0.860764
        0.860580
        0.859996
        0.859036
        0.857724
        0.856086
        0.854146
        0.851929
        0.849460
        0.846763
        0.843863
        0.840785
        0.837553
        0.834192
        0.830727
        0.827183
        0.823584
        0.819955
        0.816320
        0.812705
        0.809134
        0.805632
        0.802223
        0.798933
        0.795785
        0.792805
        0.790018
        0.787447
        0.785118
        0.783051
        0.781246
        0.779700
        0.778409
        0.777369
        0.776576
        0.776025
        0.775714
        0.775639
        0.775794
        0.776178
        0.776785
        0.777611
        0.778654
        0.779909
        0.781371
        0.783038
        0.784905
        0.786969
        0.789225
        0.791670
        0.794300
        0.797110
        0.800098
        0.803259
        0.806589
        0.810084
        0.813740
        0.817552
        0.821503
        0.825576
        0.829753
        0.834015
        0.838345
        0.842724
        0.847135
        0.851559
        0.855979
        0.860377
        0.864734
        0.869033
        0.873256
        0.877384
        0.881400
        0.885286
        0.889023
        0.892594
        0.895980
        0.899165
        0.902129
        0.904855
        0.907324
        0.909519
        0.911422
        0.913015
        0.914280
        0.915205
        0.915807
        0.916111
        0.916139
        0.915915
        0.915463
        0.914806
        0.913968
        0.912973
        0.911843
        0.910604
        0.909277
        0.907888
        0.906459
        0.905013
        0.903576
        0.902170
        0.900818
        0.899545
        0.898374
        0.897329
        0.896432
        0.895709
        0.895182
        0.894874
        0.894811
        0.895014
        0.895508
        0.896306
        0.897374
        0.898670
        0.900151
        0.901772
        0.903492
        0.905267
        0.907053
        0.908807
        0.910486
        0.912046
        0.913445
        0.914639
        0.915585
        0.916240
        0.916559
        0.916501
        0.916022
        0.915078
        0.913626
        0.911623
        0.909026
        0.905791
        0.901876
        0.897236
        0.891829
        0.885612
        0.878540
        0.870588
        0.861798
        0.852227
        0.841934
        0.830978
        0.819417
        0.807310
        0.794714
        0.781689
        0.768293
        0.754584
        0.740621
        0.726462
        0.712166
        0.697791
        0.683395
        0.669038
        0.654777
        0.640670
        0.626778
        0.613157
        0.599866
        0.586964
        0.574509
        0.562560
        0.551174
        0.540412
        0.530330
        0.520972
        0.512320
        0.504340
        0.496998
        0.490260
        0.484093
        0.478462
        0.473335
        0.468677
        0.464454
        0.460633
        0.457180
        0.454061
        0.451243
        0.448691
        0.446372
        0.444252
        0.442297
        0.440474
        0.438749
        0.437088
        0.435457
        0.433822
        0.432151
        0.430408
        0.428560
        0.426574
        0.424415
        0.422059
        0.419519
        0.416815
        0.413969
        0.411003
        0.407938
        0.404795
        0.401596
        0.398362
        0.395115
        0.391875
        0.388665
        0.385506
        0.382419
        0.379426
        0.376547
        0.373806
        0.371222
        0.368817
        0.366613
        0.364632
        0.362893
        0.361420
        0.360233
        0.359354
        0.358804
        0.358605
        0.358777
        0.359344
        0.360325
        0.361742
        0.363617
        0.365962
        0.368757
