        0.388339
        0.390519
        0.392910
        0.395486
        0.398221
        0.401090
        0.404067
        0.407127
        0.410244
        0.413393
        0.416547
        0.419683
        0.422773
        0.425793
        0.428718
        0.431520
        0.434175
        0.436658
        0.438943
        0.441004
        0.442816
        0.444353
        0.445590
        0.446508
        0.447122
        0.447453
        0.447521
        0.447347
        0.446953
        0.446360
        0.445589
        0.444660
        0.443596
        0.442417
        0.441144
        0.439798
        0.438401
        0.436973
        0.435537
        0.434111
        0.432719
        0.431380
        0.430117
        0.428950
        0.427900
        0.426988
        0.426235
        0.425663
        0.425293
        0.425146
        0.425242
        0.425597
        0.426202
        0.427042
        0.428102
        0.429368
        0.430823
        0.432455
        0.434246
        0.436183
        0.438251
        0.440434
        0.442718
        0.445088
        0.447529
        0.450026
        0.452564
        0.455128
        0.457704
        0.460276
        0.462829
        0.465348
        0.467819
        0.470227
        0.472557
        0.474793
        0.476921
        0.478926
        0.480794
        0.482514
        0.484103
        0.485584
        0.486977
        0.488304
        0.489588
        0.490850
        0.492112
        0.493396
        0.494723
        0.496117
        0.497597
        0.499188
        0.500909
        0.502783
        0.504832
        0.507078
        0.509543
        0.512248
        0.515215
        0.518466
        0.522023
        0.525908
        0.530143
        0.534749
        0.539749
        0.545164
        0.551016
        0.557318
        0.564049
        0.571179
        0.578679
        0.586517
        0.594665
        0.603092
        0.611768
        0.620664
        0.629749
        0.638994
        0.648368
        0.657841
        0.667385
        0.676968
        0.686561
        0.696134
        0.705656
        0.715099
        0.724432
        0.733624
        0.742647
        0.751470
        0.760063
        0.768397
        0.776441
        0.784165
        0.791539
        0.798542
        0.805178
        0.811460
        0.817401
        0.823014
        0.828312
        0.833308
        0.838014
        0.842444
        0.846610
        0.850525
        0.854203
        0.857655
        0.860895
        0.863936
        0.866791
        0.869471
        0.871991
        0.874364
        0.876601
        0.878716
        0.880722
        0.882632
        0.884458
        0.886213
        0.887911
        0.889564
        0.891185
        0.892783
        0.894359
        0.895907
        0.897423
        0.898904
        0.900345
        0.901742
        0.903090
        0.904387
        0.905626
        0.906806
        0.907920
        0.908966
        0.909939
        0.910834
        0.911648
        0.912377
        0.913016
        0.913561
        0.914009
        0.914354
        0.914594
        0.914723
        0.914737
        0.914633
        0.914406
        0.914052
        0.913568
        0.912950
        0.912205
        0.911343
        0.910371
        0.909299
        0.908134
        0.906886
        0.905563
        0.904174
        0.902727
        0.901231
        0.899695
        0.898127
        0.896535
        0.894929
        0.893317
        0.891708
        0.890109
        0.888531
        0.886981
        0.885468
        0.884001
        0.882588
        0.881238
        0.879960
        0.878762
        0.877652
        0.876640
        0.875731
        0.874923
        0.874210
        0.873587
        0.873047
        0.872586
        0.872198
        0.871878
        0.871619
        0.871417
        0.871267
        0.871162
        0.871097
        0.871067
        0.871065
        0.871088
        0.871129
        0.871182
        0.871243
        0.871305
        0.871363
        0.871413
        0.871447
        0.871461
        0.871450
        0.871407
        0.871328
        0.871207
        0.871038
        0.870819
        0.870548
        0.870221
        0.869837
        0.869393
        0.868887
        0.868315
        0.867677
        0.866968
        0.866187
        0.865332
        0.864399
        0.863386
        0.862291
        0.861112
        0.859845
        0.858489
        0.857041
        0.855498
        0.853858
        0.852119
        0.850278
        0.848333
        0.846281
        0.844119
        0.841846
        0.839459
        0.836954
        0.834328
        0.831574
        0.828689
        0.825667
        0.822502
        0.819190
        0.815725
        0.812103
        0.808318
        0.804365
        0.800239
        0.795936
        0.791449
        0.786773
        0.781905
        0.776838
        0.771567
        0.766087
        0.760394
        0.754481
        0.748345
        0.741979
        0.735379
        0.728539
        0.721455
        0.714122
        0.706533
        0.698690
        0.690611
        0.682322
        0.673847
        0.665212
        0.656440
        0.647557
        0.638587
        0.629555
        0.620486
        0.611405
        0.602336
        0.593304
        0.584334
        0.575451
        0.566678
        0.558042
        0.549567
        0.541277
        0.533198
        0.525354
        0.517769
        0.510470
        0.503479
        0.496822
        0.490525
        0.484611
        0.479105
        0.474025
        0.469361
        0.465094
        0.461208
        0.457685
        0.454507
        0.451657
        0.449117
        0.446869
        0.444896
        0.443181
        0.441705
        0.440451
        0.439403
        0.438541
        0.437849
        0.437309
        0.436903
        0.436614
        0.436424
        0.436316
        0.436272
        0.436274
        0.436306
        0.436349
        0.436386
        0.436399
        0.436370
        0.436283
        0.436119
        0.435862
        0.435493
        0.435000
        0.434398
