        0.232310
        0.240255
        0.248453
        0.256870
        0.265474
        0.274231
        0.283107
        0.292068
        0.301081
        0.310112
        0.319128
        0.328095
        0.336979
        0.345746
        0.354364
        0.362799
        0.371016
        0.378983
        0.386665
        0.394030
        0.401043
        0.407671
        0.413880
        0.419645
        0.424973
        0.429880
        0.434382
        0.438494
        0.442231
        0.445610
        0.448646
        0.451354
        0.453751
        0.455852
        0.457672
        0.459226
        0.460532
        0.461604
        0.462458
        0.463109
        0.463574
        0.463867
        0.464005
        0.464002
        0.463875
        0.463640
        0.463311
        0.462905
        0.462436
        0.461922
        0.461377
        0.460814
        0.460238
        0.459649
        0.459051
        0.458443
        0.457828
        0.457207
        0.456582
        0.455953
        0.455324
        0.454695
        0.454067
        0.453443
        0.452824
        0.452211
        0.451606
        0.451010
        0.450426
        0.449854
        0.449296
        0.448753
        0.448228
        0.447721
        0.447235
        0.446770
        0.446328
        0.445911
        0.445521
        0.445160
        0.444842
        0.444581
        0.444391
        0.444287
        0.444284
        0.444396
        0.444637
        0.445022
        0.445566
        0.446284
        0.447189
        0.448296
        0.449620
        0.451176
        0.452977
        0.455039
        0.457375
        0.460001
        0.462931
        0.466180
        0.469762
        0.473691
        0.477983
        0.482651
        0.487710
        0.493176
        0.499061
        0.505376
        0.512104
        0.519224
        0.526716
        0.534559
        0.542730
        0.551209
        0.559975
        0.569007
        0.578283
        0.587782
        0.597484
        0.607366
        0.617409
        0.627590
        0.637889
        0.648284
        0.658754
        0.669279
        0.679836
        0.690405
        0.700965
        0.711494
        0.721972
        0.732377
        0.742688
        0.752884
        0.762943
        0.772846
        0.782579
        0.792127
        0.801478
        0.810618
        0.819533
        0.828210
        0.836636
        0.844797
        0.852680
        0.860272
        0.867559
        0.874527
        0.881164
        0.887455
        0.893388
        0.898949
        0.904125
        0.908902
        0.913266
        0.917205
        0.920705
        0.923753
        0.926335
        0.928437
        0.930047
        0.931150
        0.931735
        0.931794
        0.931351
        0.930439
        0.929088
        0.927331
        0.925198
        0.922722
        0.919934
        0.916865
        0.913548
        0.910012
        0.906291
        0.902416
        0.898417
        0.894328
        0.890178
        0.886001
        0.881826
        0.877687
        0.873614
        0.869639
        0.865793
        0.862109
        0.858617
        0.855349
        0.852337
        0.849612
        0.847206
        0.845142
        0.843414
        0.842008
        0.840910
        0.840104
        0.839577
        0.839314
        0.839301
        0.839524
        0.839967
        0.840618
        0.841462
        0.842484
        0.843669
        0.845005
        0.846475
        0.848067
        0.849765
        0.851555
        0.853424
        0.855356
        0.857337
        0.859353
        0.861390
        0.863433
        0.865468
        0.867480
        0.869456
        0.871384
        0.873264
        0.875102
        0.876901
        0.878665
        0.880398
        0.882104
        0.883787
        0.885451
        0.887101
        0.888740
        0.890372
        0.892002
        0.893633
        0.895269
        0.896915
        0.898575
        0.900252
        0.901950
        0.903674
        0.905428
        0.907216
        0.909041
        0.910908
        0.912820
        0.914783
        0.916799
        0.918874
        0.921004
        0.923170
        0.925342
        0.927493
        0.929595
        0.931622
        0.933544
        0.935335
        0.936967
        0.938413
        0.939644
        0.940634
        0.941354
        0.941777
        0.941875
        0.941621
        0.940987
        0.939945
        0.938469
        0.936529
        0.934099
        0.931152
        0.927658
        0.923591
        0.918924
        0.913627
        0.907675
        0.901039
        0.893704
        0.885698
        0.877064
        0.867842
        0.858074
        0.847802
        0.837066
        0.825909
        0.814371
        0.802493
        0.790318
        0.777886
        0.765238
        0.752417
        0.739463
        0.726418
        0.713323
        0.700220
        0.687149
        0.674153
        0.661271
        0.648547
        0.636021
        0.623734
        0.611728
        0.600044
        0.588723
        0.577808
        0.567330
        0.557287
        0.547669
        0.538465
        0.529664
        0.521256
        0.513230
        0.505575
        0.498280
        0.491335
        0.484729
        0.478451
        0.472490
        0.466837
        0.461479
        0.456407
        0.451610
        0.447077
        0.442797
        0.438759
        0.434953
        0.431368
        0.427994
        0.424819
        0.421833
        0.419026
        0.416386
        0.413902
        0.411567
        0.409376
        0.407329
        0.405424
        0.403661
        0.402039
        0.400555
        0.399209
        0.398001
        0.396928
        0.395989
        0.395184
        0.394510
        0.393968
        0.393556
        0.393273
        0.393117
        0.393087
        0.393183
        0.393403
        0.393746
        0.394210
        0.394796
        0.395500
        0.396323
        0.397264
        0.398320
        0.399491
        0.400776
        0.402173
        0.403682
        0.405301
        0.407026
        0.408838
        0.410716
