        0.385377
        0.357460
        0.331319
        0.306951
        0.284359
        0.263540
        0.244496
        0.227227
        0.211731
        0.198011
        0.186064
        0.175893
        0.167495
        0.160872
        0.156023
        0.152949
        0.151649
        0.152124
        0.154373
        0.158397
        0.164195
        0.171767
        0.181114
        0.192235
        0.205130
        0.219800
        0.236245
        0.254464
        0.274457
        0.296225
        0.319767
        0.340390
        0.356118
        0.370985
        0.384992
        0.398138
        0.410424
        0.421849
        0.432414
        0.442118
        0.450962
        0.458945
        0.466068
        0.472330
        0.477732
        0.482273
        0.485954
        0.488774
        0.490734
        0.491833
        0.492071
        0.491449
        0.489967
        0.487624
        0.484420
        0.480356
        0.475432
        0.469647
        0.463001
        0.458324
        0.456446
        0.454815
        0.453431
        0.452295
        0.451405
        0.450763
        0.450368
        0.450220
        0.450319
        0.450665
        0.451258
        0.452099
        0.453187
        0.454522
        0.456104
        0.457933
        0.460009
        0.462333
        0.464903
        0.467721
        0.470786
        0.474098
        0.477657
        0.481464
        0.485517
        0.489818
        0.494366
        0.499161
        0.504203
        0.509492
        0.519883
        0.534259
        0.547390
        0.559279
        0.569924
        0.579325
        0.587484
        0.594399
        0.600070
        0.604498
        0.607683
        0.609624
        0.610322
        0.609777
        0.607988
        0.604956
        0.600680
        0.595161
        0.588398
        0.580393
        0.571143
        0.560651
        0.548915
        0.535936
        0.521713
        0.506247
        0.489537
        0.471584
        0.452388
        0.431948
        0.412395
        0.395336
        0.379177
        0.363917
        0.349557
        0.336097
        0.323536
        0.311875
        0.301114
        0.291252
        0.282290
        0.274228
        0.267065
        0.260802
        0.255439
        0.250975
        0.247411
        0.244747
        0.242983
        0.242118
        0.242153
        0.243087
        0.244921
        0.247655
        0.251289
        0.255822
        0.261255
        0.267587
        0.274819
        0.282951
        0.291983
        0.295771
        0.293857
        0.292230
        0.290892
        0.289842
        0.289080
        0.288605
        0.288419
        0.288521
        0.288910
        0.289588
        0.290553
        0.291807
        0.293349
        0.295178
        0.297296
        0.299701
        0.302394
        0.305376
        0.308645
        0.312203
        0.316048
        0.320181
        0.324603
        0.329312
        0.334309
        0.339594
        0.345168
        0.351029
        0.357178
        0.364596
        0.372685
        0.380264
        0.387334
        0.393894
        0.399944
        0.405484
        0.410515
        0.415036
        0.419047
        0.422548
        0.425540
        0.428022
        0.429994
        0.431457
        0.432410
        0.432853
        0.432787
        0.432210
        0.431124
        0.429529
        0.427423
        0.424808
        0.421683
        0.418049
        0.413905
        0.409251
        0.404087
        0.398413
        0.392230
        0.385538
        0.379329
        0.374241
        0.369491
        0.365079
        0.361004
        0.357267
        0.353868
        0.350807
        0.348083
        0.345697
        0.343649
        0.341939
        0.340566
        0.339532
        0.338835
        0.338475
        0.338454
        0.338770
        0.339424
        0.340416
        0.341746
        0.343413
        0.345418
        0.347761
        0.350441
        0.353460
        0.356816
        0.360510
        0.364541
        0.368911
        0.373618
        0.376367
        0.376990
        0.377729
        0.378583
        0.379552
        0.380636
        0.381835
        0.383150
        0.384579
        0.386124
        0.387784
        0.389560
        0.391450
        0.393456
        0.395577
        0.397813
        0.400164
        0.402630
        0.405212
        0.407909
        0.410721
        0.413648
        0.416691
        0.419848
        0.423121
        0.426509
        0.430012
        0.433630
        0.437364
        0.441213
        0.448197
        0.457680
        0.466429
        0.474444
        0.481726
        0.488273
        0.494087
        0.499166
        0.503512
        0.507124
        0.510002
        0.512147
        0.513557
        0.514234
        0.514176
        0.513385
        0.511860
        0.509601
        0.506608
        0.502882
        0.498421
        0.493227
        0.487299
        0.480637
        0.473241
        0.465111
        0.456247
        0.446649
        0.436318
        0.425253
        0.413453
        0.400672
        0.388069
        0.376279
        0.365302
        0.355138
        0.345787
        0.337249
        0.329525
        0.322613
        0.316515
        0.311229
        0.306757
        0.303098
        0.300252
        0.298220
        0.297000
        0.296593
        0.297000
        0.298220
        0.300252
        0.303098
        0.306757
        0.311229
        0.316515
        0.322613
        0.329525
        0.337249
        0.345787
        0.355138
        0.365302
        0.375116
        0.383510
        0.391290
        0.398457
        0.405009
        0.410948
        0.416273
        0.420985
        0.425082
        0.428566
        0.431436
        0.433692
        0.435334
        0.436362
        0.436777
        0.436578
        0.435765
        0.434338
        0.432298
        0.429643
        0.426375
        0.422493
        0.417997
        0.412887
        0.407164
        0.400827
        0.393876
        0.386311
        0.378132
        0.369340
        0.359933
