        0.677352
        2.752061
        7.496873
        2.281986
        3.041474
        5.184923
        3.539220
        3.861945
        2.268062
       11.026928
       11.022169
        3.446510
       10.015042
        7.634881
        4.045604
        8.934064
        6.822517
        1.941107
        2.264890
        7.193360
       11.063942
        7.637525
        0.909481
        3.167144
        4.240543
       11.740060
        5.348312
       15.825674
       18.630259
       18.663572
        5.597538
        6.440042
       10.421841
       15.988887
       21.177158
       16.655839
        3.509433
        4.076096
        2.159665
       20.454861
        6.088235
        5.559467
        1.171221
        9.643142
        4.320211
       23.884451
       24.840111
       18.782192
       25.486970
       24.357169
       25.596954
       25.293970
       25.746771
       20.436178
        7.231607
        4.275089
        1.827070
       10.301282
        9.475170
        3.212971
       18.551825
       10.579061
       30.995499
        7.530361
       27.244947
        9.438685
       14.993217
       27.814783
       22.407954
       35.449488
       35.554537
       34.936759
       33.961182
       33.220907
       33.993437
       24.412866
       23.046177
       20.324608
       16.553435
       23.152988
        5.538845
        4.019518
       18.957390
       18.487844
       42.223182
       35.482272
       33.417256
       36.109038
       33.339175
       17.589644
       31.735422
       43.804375
       32.151914
        3.252452
       41.059893
       46.552911
       43.051762
       39.489276
       44.998862
       47.608156
       47.344829
       46.680520
       44.679486
       48.206192
       48.710461
       50.131789
       50.179378
       27.884933
       50.809317
       51.151783
       51.718093
       51.547830
       47.812084
       47.098776
       49.189172
       51.742064
       42.908466
       49.275009
       44.459166
       50.474431
       53.659729
       43.206867
       46.254333
       24.236963
        2.295206
       24.290544
       21.720908
       16.877570
       23.647739
       48.992118
       34.864494
       42.394856
       53.160748
       20.672009
       20.407801
       41.702698
        5.592074
       49.291224
       60.736584
       58.084107
       56.480530
       49.468361
       59.210736
       57.240722
       45.599366
       38.055609
       29.718172
        9.055681
        6.191521
       58.823677
       49.539393
        9.620934
       10.253517
       32.065902
       48.886188
       56.129252
       32.141163
       35.418643
       37.071748
       47.673370
       47.815785
       22.347322
       47.608332
       52.062321
       55.291331
        8.220580
       57.864845
       53.216974
       56.044473
       62.077716
       56.283300
       28.887301
       37.237253
       59.501382
       57.837525
       11.685244
       23.076141
       17.095422
       35.151792
       53.094300
       49.115849
       39.894488
       13.273487
       24.823366
       29.680982
       12.955874
       22.293035
       58.163599
       25.454363
       10.031081
       16.792085
       20.016689
       36.000112
       60.942098
       60.396938
       60.117573
       59.180067
       46.987558
       46.979627
       40.534121
       49.953770
       12.829322
       38.465052
       36.841734
       29.653309
       55.411714
       58.376516
       53.444697
       43.232248
       28.630320
       49.033714
       57.379436
       58.058021
       15.207191
       30.708730
       56.150755
       56.302864
       51.933478
       10.099116
        6.016499
        3.955713
       19.285579
       16.540216
       35.912865
       49.423769
       45.270472
       44.146488
       15.008375
       35.884488
       46.226661
       38.181985
       18.348778
       14.400291
       41.765446
       37.640526
       47.841342
       48.237566
       42.210844
       32.061848
       24.784414
        6.641326
       10.321023
       36.621943
       36.075726
       44.758096
       17.405985
       24.840992
       33.968761
       31.234678
       29.801717
       38.254073
       19.332463
       31.735598
       29.006802
       43.121735
       36.904129
       32.875798
       31.779486
       39.293984
       28.658697
        9.258199
       26.159387
       38.891768
       37.257698
       36.314376
       36.207036
       34.832768
       11.088794
       11.262935
        6.569061
        9.801244
       32.867514
       16.063972
       31.241200
       23.973812
       30.289065
       11.704808
       24.071811
       25.354954
       31.092616
       32.280053
       25.543725
       27.429311
       17.946915
       23.098349
       26.141761
       14.981936
       23.583582
       27.237192
       22.940247
       18.425626
       17.908843
       18.789242
       11.770199
        6.235937
        2.774446
        2.696364
        5.212947
        6.304325
        4.822540
       12.099093
       18.419457
        1.349416
       16.599614
       17.073742
       21.302476
       13.924224
        4.640644
       18.991055
        5.624329
        3.924516
        5.181221
       11.886176
        1.269396
        1.249303
       15.816332
       11.553933
        1.971600
        8.011011
        6.381877
       18.069765
       13.184301
       10.583644
        8.309237
        6.242282
        4.521143
        3.185827
        0.798263
        2.816923
        6.327943
       14.179266
       14.802860
       12.804470
        2.417880
        3.209093
        3.971576
        2.406952
        2.862750
       13.663189
        5.393610
        1.808210
        5.986888
        3.231478
        0.901726
        1.236260
        1.060885
        6.959116
        5.013073
        9.605776
        3.673528
        2.280400
        2.103968
        8.979186
        3.901955
        9.160729
       11.191022
       11.968664
       12.474342
        6.485692
        3.209093
        2.473224
        3.801313
       13.277012
        2.844419
        7.650215
