       14.177000
       16.216000
        3.654000
        5.491000
        2.598000
        0.784000
        4.598000
        1.563000
        5.531000
        0.506000
        2.259000
        4.689000
        0.000000
        1.029000
        0.000000
        0.000000
        0.000000
        4.012000
       11.873000
        0.233000
        3.323000
        1.901000
        9.698000
        7.851000
        0.289000
        0.333000
        2.666000
        0.635000
        0.955000
        0.014000
        0.000000
        0.553000
        0.086000
        0.676000
        0.000000
        1.265000
        7.971000
        2.679000
        6.158000
        0.380000
        0.956000
        6.703000
        7.113000
        6.018000
        2.152000
        4.555000
        0.000000
        0.000000
        0.000000
        0.073000
        0.000000
        0.000000
        0.000000
        0.000000
        1.604000
        6.898000
       15.050000
        7.982000
        6.391000
       13.398000
       12.740000
       13.842000
        0.309000
        1.696000
        0.000000
        3.476000
        1.205000
        2.566000
        4.879000
        0.000000
        0.000000
        0.000000
        0.000000
        0.000000
        0.000000
        0.070000
        7.811000
        7.889000
        6.700000
        3.800000
        6.111000
        9.727000
        2.019000
        0.000000
        0.000000
        1.359000
        0.410000
        0.722000
        3.355000
        2.366000
        0.000000
        0.000000
        4.115000
        3.056000
        0.000000
        0.000000
        0.000000
        0.000000
        0.000000
        0.000000
        0.000000
        0.000000
        0.000000
        0.000000
        0.000000
        0.000000
        0.000000
        0.089000
        0.000000
        0.000000
        0.000000
        0.000000
        0.000000
        0.000000
        0.000000
        0.000000
        3.335000
        2.602000
        0.152000
        0.000000
        0.000000
        1.917000
        4.892000
        7.392000
       21.096000
        1.510000
        1.065000
        7.750000
        5.497000
        0.003000
        0.076000
        0.559000
        0.000000
       13.119000
        5.600000
        6.587000
       19.724000
        0.799000
        0.000000
        0.000000
        0.279000
        3.314000
        0.989000
        1.225000
        1.171000
        3.864000
       15.825000
       31.435000
       25.666000
        0.146000
        1.119000
       16.809000
        2.058000
        0.197000
        5.775000
        0.110000
        1.121000
        6.938000
        5.194000
        6.333000
        3.141000
       10.288000
        6.176000
        5.635000
        0.559000
       16.553000
        1.339000
        0.648000
        6.252000
        0.638000
       10.750000
       12.298000
        7.344000
        0.477000
        0.000000
       14.061000
        3.919000
        5.216000
        0.318000
        0.000000
        0.080000
        4.031000
       16.168000
        4.869000
       13.624000
        6.548000
        1.477000
        0.454000
        4.050000
       19.102000
        7.544000
        5.471000
        0.922000
        0.000000
        0.000000
        0.000000
        0.000000
        0.406000
        7.234000
        2.924000
       11.270000
       23.931000
        6.779000
        6.830000
        7.910000
        0.281000
        0.000000
        0.000000
        0.456000
       15.075000
        5.938000
        0.000000
        0.000000
        7.599000
        3.518000
        0.001000
        0.000000
        0.000000
       15.192000
       49.302000
       13.203000
        0.747000
        2.950000
        0.159000
        5.243000
        5.920000
        0.000000
        8.484000
        0.907000
        0.094000
        4.836000
        2.756000
       14.434000
        1.941000
        7.382000
        0.652000
        0.000000
        0.000000
        0.000000
        3.082000
       41.077000
        8.133000
        0.367000
        1.772000
        0.000000
       14.520000
        6.195000
        2.190000
        1.341000
        0.994000
        0.260000
        1.047000
        1.794000
        3.812000
        0.000000
        0.000000
        0.184000
        0.104000
        0.000000
        2.448000
       21.478000
        0.131000
        0.000000
        0.000000
        0.000000
        0.000000
        0.125000
        8.568000
        6.744000
        6.895000
        0.891000
        0.268000
        0.213000
        0.000000
        0.000000
        0.142000
        0.071000
        0.167000
        0.513000
        0.139000
        0.000000
        0.000000
        0.176000
        0.000000
        0.000000
        0.000000
        0.000000
        0.000000
        0.000000
        1.815000
        5.773000
        1.220000
        0.775000
        0.000000
        0.132000
        0.000000
        0.053000
        0.000000
        0.000000
        0.000000
        0.000000
        0.036000
        4.666000
        0.242000
        0.000000
        0.000000
        0.163000
        1.103000
        0.129000
        4.916000
        2.015000
        2.590000
       13.973000
       19.460000
       18.937000
        5.753000
        4.307000
       13.687000
        2.842000
        0.160000
        0.000000
        0.000000
        0.000000
        0.000000
        2.487000
        4.046000
        7.811000
        4.017000
        1.913000
        3.377000
        0.583000
        0.000000
        0.000000
        1.882000
        1.530000
        4.930000
       18.033000
       11.170000
        0.662000
        5.882000
       13.668000
        6.456000
        7.543000
       12.674000
       12.592000
        2.302000
        0.247000
        0.000000
        0.000000
        0.000000
        0.000000
        0.000000
        0.000000
        0.000000
        0.000000
        0.000000
        0.000000
        0.000000
        0.000000
        0.239000
        0.009000
        0.000000
        1.545000
        7.197000
        0.963000
