        5.563000
       -0.581000
        0.580000
        1.748000
        2.108000
        3.500000
        4.270000
        5.270000
        6.420000
        6.368000
        7.136000
        4.744000
        6.123000
        6.190000
       -0.183000
        3.579000
        5.807000
        6.229000
        9.283000
        7.622000
        3.835000
        1.196000
       -2.809000
       -7.962000
       -8.387000
       -7.786000
       -5.276000
       -1.040000
        1.153000
        1.868000
       -3.127000
       -0.618000
        0.755000
        2.825000
        1.478000
        1.840000
       -1.195000
        0.602000
        1.859000
        4.083000
        1.678000
        2.811000
        3.707000
        2.355000
        1.484000
        5.279000
        5.037000
        1.446000
        6.014000
        6.583000
        6.499000
        7.091000
        8.025000
        7.732000
        3.986000
        2.477000
        1.410000
        2.255000
        6.099000
        4.535000
        3.236000
        6.531000
        8.171000
        4.531000
        5.674000
        4.900000
        5.663000
        5.140000
        2.970000
        4.160000
        5.866000
        9.584000
        9.966000
        8.566000
        9.707000
        5.206000
        5.386000
       -0.589000
       -2.190000
       -0.985000
       -2.926000
       -2.413000
       -1.430000
        0.907000
        6.972000
        7.002000
        7.038000
        7.190000
        7.893000
        0.778000
        6.443000
       10.928000
        9.056000
        1.259000
        5.467000
       10.383000
       12.555000
        8.102000
       10.951000
       13.680000
       13.160000
       15.338000
       17.656000
       18.539000
       17.841000
       16.207000
       16.762000
       11.109000
       11.211000
       14.202000
       14.054000
       16.578000
       17.805000
       17.874000
       18.178000
       17.067000
       15.994000
       16.531000
       17.127000
       13.641000
       12.716000
       10.579000
       11.721000
       11.224000
        8.525000
       10.118000
       10.034000
       10.581000
       11.957000
       15.291000
       13.546000
       14.189000
       18.158000
       11.528000
        6.134000
        8.024000
        6.891000
       12.057000
       16.875000
       18.885000
       20.026000
       18.398000
       20.673000
       20.559000
       21.560000
       19.457000
       12.175000
        3.461000
        4.045000
        9.646000
       13.202000
        7.851000
        8.147000
       13.461000
       16.543000
       17.846000
       16.227000
       18.137000
       17.663000
       18.738000
       19.416000
       15.413000
       17.014000
       18.900000
       21.258000
       12.250000
       14.971000
       18.374000
       17.641000
       21.385000
       21.779000
       14.943000
       14.278000
       13.942000
       17.705000
       13.277000
        9.894000
        8.229000
       10.779000
       14.209000
       16.011000
       18.188000
       11.467000
       11.444000
        8.582000
        8.928000
       13.241000
       17.017000
       15.697000
       10.589000
        7.365000
        8.807000
       12.691000
       19.386000
       22.565000
       24.410000
       25.424000
       20.497000
       20.658000
       20.342000
       19.612000
       14.888000
       14.830000
       17.226000
       12.920000
       16.516000
       19.628000
       18.855000
       18.141000
       16.463000
       12.699000
       14.474000
       16.129000
       15.121000
       13.818000
       17.599000
       20.003000
       21.558000
       15.297000
       10.673000
        7.799000
       10.343000
       13.551000
       16.276000
       18.279000
       19.111000
       23.042000
       14.409000
       14.217000
       15.607000
       16.048000
       11.218000
       11.147000
       13.268000
       16.502000
       18.635000
       20.370000
       20.566000
       19.474000
       16.363000
       14.148000
       11.324000
       13.447000
       13.278000
       15.225000
       11.986000
        8.522000
        8.483000
        9.224000
       11.158000
       13.047000
       13.100000
       12.012000
       10.576000
       12.386000
       12.736000
       15.813000
       16.280000
       16.519000
       17.163000
        7.475000
        8.431000
       10.681000
       13.923000
       15.953000
       16.692000
       16.723000
        8.426000
        6.390000
        5.025000
        6.380000
       10.393000
       11.586000
       14.643000
       15.970000
       18.100000
       14.038000
       15.891000
       11.905000
       11.322000
       12.116000
       10.683000
       10.357000
        7.991000
        9.910000
        9.809000
        6.691000
        9.635000
       12.678000
       12.325000
        6.773000
        4.190000
        1.164000
        0.309000
       -0.045000
        0.243000
        1.118000
        2.604000
        3.643000
        4.595000
        4.967000
        5.105000
        4.146000
        4.794000
        4.438000
        6.039000
        4.796000
        5.699000
        4.477000
        2.981000
        1.291000
        3.750000
       -0.068000
       -1.638000
        3.323000
        1.581000
       -1.142000
       -1.185000
       -3.790000
       -5.407000
       -3.780000
       -3.938000
       -1.169000
        2.033000
        5.118000
        5.697000
        4.680000
        2.202000
       -0.050000
        0.952000
        1.270000
       -0.944000
       -1.403000
        1.225000
        2.297000
        4.049000
        1.993000
        1.574000
        4.529000
        5.006000
        5.554000
        0.671000
        3.301000
        0.932000
       -0.152000
       -0.645000
        0.511000
       -4.082000
       -4.440000
       -4.774000
       -5.402000
       -7.049000
       -6.006000
       -6.929000
       -5.349000
       -3.396000
        0.531000
       -4.080000
       -6.893000
       -3.055000
       -3.482000
       -5.426000
       -2.204000
       -0.157000
        0.054000
