       76.036842
       40.955556
       30.752632
       71.644444
       69.322222
      153.188889
       50.544444
      109.150000
        6.638889
       73.805556
      274.755556
      181.250000
      202.955556
      160.183333
        6.072222
       73.111111
      151.022222
      102.533333
      174.557895
      150.905263
      250.510526
      152.878947
       10.842105
       20.036842
       21.457895
       33.626316
       31.694737
      119.031579
      204.821053
      164.352632
        6.142105
        6.110526
       44.010000
      128.595000
      141.785000
      161.870000
        5.590000
       17.985000
       64.681818
      225.171429
       99.319048
       62.033333
       10.476190
       72.352381
      150.414286
      239.947619
      383.414286
      123.338095
      383.928571
      280.071429
      296.276190
      441.568182
      441.850000
      384.868182
      118.431818
       71.504545
        4.950000
      192.747826
      115.313043
      123.543478
      142.526087
      161.239130
      433.013043
       96.234783
      248.608696
       98.386957
      256.934783
      302.916667
      272.333333
      375.216667
      430.258333
      628.962500
      579.858333
      360.587500
      409.429167
      273.537500
      229.904167
       55.936000
       11.152000
      111.160000
        5.156000
        5.116000
        5.111538
       38.000000
      405.119231
      391.542308
      370.480769
      389.107692
      446.738462
       33.600000
      254.588462
      667.838462
      477.069231
       27.030769
      332.707692
      695.957692
      740.269231
      412.177778
      596.825000
      940.532143
      800.950000
      993.078571
     1360.914286
     1419.189286
     1271.550000
     1120.789286
     1294.957143
      428.310714
      760.760714
      994.714286
      965.996429
     1154.475000
     1262.875000
     1192.689655
     1190.251724
     1140.465517
      681.296552
      844.937931
     1005.579310
      716.744828
      871.980000
      597.863333
      584.783333
      468.503333
        1.056667
      158.236667
      267.080000
       99.323333
      342.663333
      964.263333
      573.190323
      611.245161
     1087.374194
      219.879487
      118.560000
      240.543590
        2.750000
      432.502778
      926.567742
     1135.406452
     1016.256250
      735.903226
     1051.406250
     1098.141935
     1351.246875
     1125.681250
      233.176923
        4.904167
       37.385366
      534.896875
      621.557576
        5.185106
        3.512195
      250.608108
      536.190625
      679.800000
      447.259375
      488.677778
      437.931429
      594.928125
      772.185294
      199.858824
      388.995122
      734.466667
     1305.659375
       96.714706
      611.527273
      983.244118
      494.360976
     1170.384848
      984.493750
      240.351282
      453.396875
      520.606250
      969.106250
      206.645946
      192.200000
       73.109302
      365.105263
      602.077143
      667.393939
      656.627778
       71.732432
      168.976923
       90.143182
       70.326829
      349.058824
      666.741176
      268.238235
       47.447500
       49.771739
       43.557143
      329.805714
     1068.828125
     1550.093750
     1596.481250
     2102.690625
     1119.921875
      876.581250
      695.643750
      595.642424
      119.580000
      375.212195
      477.561538
      182.706452
      615.943243
     1080.419355
      764.053125
      696.571875
      317.556098
      480.564103
      868.146667
      845.390000
      247.029032
      325.947059
      796.166667
     1094.523333
     1003.640000
      107.990244
        7.179167
        5.258333
       73.259091
       81.667500
      422.350000
      636.773529
      661.735484
     1166.388235
      308.222581
      464.496774
      651.300000
      580.638710
      128.809375
       49.455000
      329.605128
      736.675000
      839.564286
      927.846429
      981.335714
      786.450000
      325.448387
       29.019512
       24.738462
      572.196429
      331.586667
      638.365517
      149.932432
      188.777778
      366.737037
      264.814286
      218.132258
      392.041379
      406.093548
      373.288462
      430.538462
      485.073077
      405.500000
      498.100000
      675.592593
      642.976923
      709.161538
       65.538095
      294.204000
      474.840000
      582.056000
      652.652000
      610.008000
      625.304000
      147.636667
      112.800000
       29.229730
      142.844000
      434.860000
      263.604000
      376.592000
      489.958333
      626.830435
      101.869565
      272.721739
      288.204348
      348.795652
      356.400000
      273.539130
      307.947826
      219.552174
      324.243478
      297.473913
       91.173913
      208.269565
      430.404348
      438.000000
      319.313636
      299.513636
      208.431818
      133.195455
      121.690909
       69.400000
       84.257143
      112.219048
       96.995238
      128.300000
      113.280952
      143.952381
        9.238095
      176.661905
      189.876190
      313.447619
      118.123810
       40.985714
      216.415000
       81.590000
      100.320000
       95.440000
      120.130000
       35.055000
       11.263158
      162.757895
      108.247368
        5.652632
        8.815789
       19.757895
       87.842105
       71.836842
      153.173684
      251.357895
      287.868421
      228.294737
        6.326316
        5.605263
       47.768421
      134.542105
      176.478947
      122.942105
       78.384211
       53.031579
       80.694737
      144.489474
       30.872222
       19.833333
      252.505882
       51.155556
       41.817647
       24.264706
       50.135294
        5.529412
        5.023529
        5.205882
       67.064706
       54.729412
      122.994118
       80.447059
       74.211765
       33.676471
       46.450000
       18.738889
       16.994444
       29.161111
      253.616667
       95.194444
       18.383333
       47.644444
        6.194444
       14.922222
      128.911111
        5.438889
       98.500000
