        0.463098
        0.460203
        0.457421
        0.454758
        0.452224
        0.449825
        0.447571
        0.445468
        0.443526
        0.441752
        0.440154
        0.438740
        0.437518
        0.436497
        0.435683
        0.435086
        0.434713
        0.434572
        0.434671
        0.435018
        0.435622
        0.436490
        0.437630
        0.439045
        0.440720
        0.442633
        0.444762
        0.447087
        0.449586
        0.452239
        0.455024
        0.457921
        0.460907
        0.463962
        0.467064
        0.470193
        0.473328
        0.476446
        0.479528
        0.482552
        0.485496
        0.488340
        0.491063
        0.493643
        0.496059
        0.498290
        0.500315
        0.502112
        0.503662
        0.504942
        0.505931
        0.506616
        0.507016
        0.507157
        0.507066
        0.506770
        0.506294
        0.505666
        0.504912
        0.504058
        0.503132
        0.502159
        0.501166
        0.500181
        0.499228
        0.498336
        0.497529
        0.496836
        0.496282
        0.495895
        0.495700
        0.495724
        0.495994
        0.496536
        0.497377
        0.498543
        0.500062
        0.501958
        0.504260
        0.506986
        0.510125
        0.513660
        0.517572
        0.521843
        0.526455
        0.531390
        0.536630
        0.542156
        0.547951
        0.553997
        0.560275
        0.566767
        0.573456
        0.580322
        0.587349
        0.594517
        0.601809
        0.609207
        0.616692
        0.624246
        0.631852
        0.639491
        0.647145
        0.654796
        0.662426
        0.670017
        0.677551
        0.685011
        0.692391
        0.699687
        0.706894
        0.714008
        0.721024
        0.727938
        0.734745
        0.741442
        0.748022
        0.754483
        0.760819
        0.767027
        0.773101
        0.779037
        0.784831
        0.790478
        0.795974
        0.801315
        0.806495
        0.811511
        0.816358
        0.821031
        0.825527
        0.829840
        0.833966
        0.837901
        0.841640
        0.845181
        0.848523
        0.851670
        0.854623
        0.857385
        0.859957
        0.862343
        0.864544
        0.866562
        0.868401
        0.870061
        0.871545
        0.872856
        0.873995
        0.874965
        0.875768
        0.876406
        0.876882
        0.877197
        0.877354
        0.877355
        0.877202
        0.876898
        0.876444
        0.875844
        0.875098
        0.874210
        0.873181
        0.872015
        0.870723
        0.869317
        0.867809
        0.866211
        0.864535
        0.862792
        0.860996
        0.859158
        0.857290
        0.855404
        0.853512
        0.851626
        0.849759
        0.847923
        0.846128
        0.844388
        0.842715
        0.841120
        0.839616
        0.838214
        0.836927
        0.835767
        0.834745
        0.833874
        0.833166
        0.832634
        0.832288
        0.832137
        0.832178
        0.832402
        0.832801
        0.833368
        0.834094
        0.834972
        0.835993
        0.837150
        0.838435
        0.839840
        0.841356
        0.842977
        0.844694
        0.846499
        0.848385
        0.850343
        0.852366
        0.854445
        0.856573
        0.858742
        0.860943
        0.863170
        0.865414
        0.867667
        0.869921
        0.872168
        0.874401
        0.876612
        0.878796
        0.880949
        0.883064
        0.885139
        0.887168
        0.889147
        0.891070
        0.892934
        0.894734
        0.896465
        0.898122
        0.899701
        0.901197
        0.902605
        0.903921
        0.905141
        0.906259
        0.907270
        0.908171
        0.908957
        0.909622
        0.910163
        0.910574
        0.910851
        0.910990
        0.910985
        0.910832
        0.910527
        0.910068
        0.909451
        0.908675
        0.907739
        0.906639
        0.905373
        0.903941
        0.902338
        0.900564
        0.898617
        0.896493
        0.894191
        0.891709
        0.889045
        0.886197
        0.883161
        0.879938
        0.876523
        0.872916
        0.869114
        0.865114
        0.860916
        0.856516
        0.851912
        0.847103
        0.842087
        0.836860
        0.831424
        0.825782
        0.819944
        0.813915
        0.807704
        0.801318
        0.794763
        0.788048
        0.781180
        0.774166
        0.767013
        0.759729
        0.752321
        0.744796
        0.737162
        0.729426
        0.721595
        0.713677
        0.705678
        0.697608
        0.689471
        0.681277
        0.673032
        0.664744
        0.656420
        0.648067
        0.639692
        0.631304
        0.622911
        0.614532
        0.606188
        0.597899
        0.589687
        0.581573
        0.573576
        0.565719
        0.558021
        0.550503
        0.543187
        0.536092
        0.529241
        0.522653
        0.516350
        0.510352
        0.504681
        0.499356
        0.494398
        0.489830
        0.485670
        0.481941
        0.478662
        0.475855
        0.473541
        0.471740
        0.470472
        0.469760
        0.469611
        0.469979
        0.470806
        0.472035
        0.473607
        0.475464
        0.477548
        0.479801
        0.482164
        0.484580
        0.486991
        0.489338
        0.491564
        0.493609
        0.495417
        0.496928
        0.498086
        0.498831
        0.499105
        0.498851
        0.498011
        0.496525
        0.494337
        0.491387
        0.487619
        0.482973
        0.477392
        0.470817
        0.463191
        0.454455
        0.444551
        0.433422
        0.421660
        0.409897
